number of jobs:	100
number of stages:	10
number of machines:	5
baseline processing time:
stage 1:	9	5	1	1	2	4	4	2	8	4	4	7	9	8	7	2	9	10	1	1	7	3	8	6	10	2	4	10	9	8	5	5	7	8	6	4	4	9	1	2	9	1	9	3	6	8	10	3	2	5	5	7	2	1	6	3	6	4	10	10	4	1	8	2	6	9	7	9	9	10	3	2	6	3	2	2	8	7	5	9	1	5	5	2	2	2	5	8	6	10	8	10	2	9	7	5	8	3	8	3	 
stage 2:	8	3	1	1	6	2	6	1	7	2	6	7	7	8	10	5	5	7	3	7	5	8	6	9	9	6	10	10	8	7	2	7	2	8	1	5	9	5	8	5	10	1	9	5	5	8	9	8	9	7	9	2	4	8	3	2	3	2	9	1	3	2	7	2	9	2	10	2	1	1	1	3	5	5	8	6	7	2	5	9	2	2	7	4	7	7	2	5	10	4	10	5	6	1	4	9	7	2	3	4	 
stage 3:	10	6	8	4	6	5	2	4	9	2	1	1	1	8	5	6	1	4	3	2	1	6	5	5	8	1	6	1	5	8	5	5	6	10	2	6	5	1	2	9	1	7	4	6	2	9	6	7	2	3	8	10	2	8	2	7	1	3	6	6	5	2	6	8	1	4	5	2	1	10	9	3	1	7	7	2	6	4	9	5	5	1	10	10	8	10	4	4	9	7	2	1	3	8	7	4	5	8	4	2	 
stage 4:	3	1	7	1	1	4	2	5	9	10	2	7	6	7	9	5	9	8	5	5	7	1	3	7	6	6	2	4	4	5	1	3	9	9	5	10	10	1	2	8	3	2	3	5	2	1	5	4	7	6	9	9	4	7	5	9	3	5	2	9	4	6	6	1	6	8	3	9	10	10	7	8	7	8	10	8	10	5	8	5	6	3	1	4	8	6	9	5	3	3	9	6	9	6	1	5	6	1	2	10	 
stage 5:	10	6	1	4	8	9	7	4	1	1	4	4	10	6	3	2	1	10	9	10	10	7	1	10	3	5	6	1	4	4	7	5	6	5	7	6	6	10	10	2	10	3	9	8	3	3	6	10	2	9	9	7	2	3	3	8	5	5	3	2	6	7	8	8	8	4	8	4	5	5	10	9	2	10	2	9	10	4	4	8	7	3	3	7	3	3	8	5	8	3	4	1	8	1	6	8	10	10	9	10	 
stage 6:	5	1	5	1	3	2	10	2	2	6	3	6	2	7	3	10	10	7	10	9	1	8	4	1	4	2	2	2	9	6	6	6	3	8	4	5	8	2	2	6	3	9	10	6	8	6	4	3	1	9	5	7	4	5	4	4	4	1	5	4	2	2	8	10	8	9	1	4	8	10	7	1	6	6	10	5	10	5	6	6	8	4	1	3	4	8	5	8	3	3	6	8	2	3	7	5	3	6	7	10	 
stage 7:	6	6	10	7	10	10	7	5	1	5	5	8	3	8	3	9	7	3	3	5	2	3	7	3	7	3	5	3	2	5	2	1	9	2	7	2	7	4	3	3	9	3	5	9	1	8	10	5	8	5	4	8	5	4	7	3	10	4	2	10	5	6	8	6	10	8	2	4	2	2	10	5	4	9	8	6	5	6	2	1	5	4	2	7	9	10	2	1	5	4	7	7	9	7	2	5	6	4	3	1	 
stage 8:	1	10	2	6	2	6	6	4	6	1	4	8	2	7	1	5	6	5	9	2	5	7	4	8	4	3	5	1	7	1	2	10	2	8	3	9	7	4	3	6	3	4	7	1	8	3	4	6	5	7	5	5	1	2	4	2	4	3	6	4	1	7	7	8	7	2	5	10	4	7	7	8	7	8	9	9	3	3	1	7	7	7	5	4	6	1	7	8	1	9	2	3	6	5	7	10	7	8	9	3	 
stage 9:	2	8	7	8	1	1	9	4	8	9	5	1	4	3	3	5	10	2	8	7	9	4	10	4	2	4	1	4	3	9	9	7	10	3	6	9	8	4	7	5	1	6	2	9	8	1	2	5	9	5	9	10	1	4	10	7	8	4	9	10	5	7	8	2	10	9	1	4	4	5	3	1	3	7	9	3	9	3	4	5	2	4	3	10	3	6	2	1	1	10	6	8	4	2	2	8	6	2	7	8	 
stage 10:	9	5	3	9	7	8	8	9	4	5	8	8	1	7	5	10	9	4	7	5	9	3	3	6	8	3	7	2	3	9	5	7	1	9	8	10	8	4	7	5	3	7	10	10	2	8	6	8	5	1	1	3	6	5	8	1	4	6	7	8	2	10	2	10	7	10	4	5	9	10	9	8	5	2	1	1	5	5	3	8	4	7	1	8	10	9	4	8	2	2	8	6	3	4	9	2	3	10	4	8	 
baseline energy consumption:
stage 1:	8	3	9	4	5	2	10	8	2	1	1	10	2	4	10	10	10	10	6	4	8	2	5	10	1	7	3	3	5	1	6	1	1	7	5	1	6	2	6	4	7	10	4	7	10	5	1	3	1	5	10	5	4	6	6	10	9	4	9	3	6	2	5	4	8	8	7	2	3	4	5	5	10	2	6	8	3	4	3	8	5	3	6	3	4	8	1	8	1	3	8	6	6	9	3	1	4	9	1	9	 
stage 2:	9	6	6	4	10	7	4	1	4	10	10	6	9	4	6	4	9	10	10	7	4	5	3	3	2	4	3	10	3	10	8	10	4	9	8	3	7	5	9	8	8	5	6	7	7	5	3	5	9	8	3	7	5	1	6	6	5	5	4	7	1	2	6	7	7	10	2	1	9	9	9	10	8	8	2	9	1	2	1	4	3	9	1	1	5	7	9	4	8	2	10	10	3	7	6	2	2	10	10	6	 
stage 3:	5	9	1	5	7	3	6	8	10	10	10	6	8	2	10	4	1	5	1	6	8	1	6	7	9	1	10	10	9	5	3	1	7	10	2	4	6	10	3	3	6	1	3	10	1	8	7	9	9	5	7	4	10	3	2	7	5	7	1	8	7	4	3	6	4	9	4	8	9	8	8	1	10	9	8	2	3	4	10	3	2	10	9	1	8	3	6	8	5	6	10	9	5	9	5	5	1	5	3	9	 
stage 4:	4	8	3	10	9	9	10	1	8	4	8	5	8	4	7	6	3	8	3	6	1	5	9	2	1	6	4	3	5	3	3	5	9	4	7	1	3	4	3	7	1	4	5	9	4	4	7	2	2	4	7	7	7	10	1	3	3	7	10	10	8	3	5	5	3	8	1	10	5	10	7	9	1	8	9	8	4	5	2	10	3	4	9	3	1	3	4	8	3	6	4	10	6	4	1	7	4	7	10	8	 
stage 5:	5	4	5	2	10	8	10	4	8	9	4	7	9	4	3	5	7	10	9	5	4	2	1	4	7	6	5	7	7	6	3	10	5	6	6	8	2	8	2	5	9	8	3	8	4	9	10	5	5	10	9	1	1	8	5	3	2	3	8	5	4	4	7	2	9	8	6	9	3	7	8	8	1	9	3	5	10	2	8	2	7	6	7	3	10	3	9	5	9	5	1	3	9	5	4	5	3	1	6	3	 
stage 6:	6	2	1	9	8	6	7	3	9	5	8	4	3	10	9	3	3	9	8	4	5	2	5	2	1	8	2	1	4	5	4	8	6	5	2	4	6	9	8	7	6	4	6	4	9	7	7	8	5	8	4	5	9	9	3	8	5	3	6	5	7	5	1	4	6	2	3	3	8	4	10	4	2	5	4	4	1	10	1	9	4	6	9	1	5	1	5	10	3	9	8	10	2	1	1	8	2	8	7	1	 
stage 7:	1	8	3	3	1	8	4	3	2	1	6	8	8	1	2	4	10	2	5	7	6	3	6	7	7	10	9	10	8	2	3	7	9	8	3	8	9	7	7	5	6	9	4	1	1	5	2	6	2	5	6	6	7	6	10	7	8	5	4	9	6	8	10	1	5	6	7	8	3	9	5	5	8	7	9	8	1	6	6	7	8	3	6	6	2	6	10	8	8	8	7	5	6	3	8	4	5	7	2	4	 
stage 8:	4	8	1	8	4	7	10	3	6	8	4	5	3	3	5	6	7	2	5	9	9	7	8	2	9	9	4	8	10	4	9	4	3	9	4	8	6	3	2	2	3	3	8	3	3	6	8	4	9	2	10	9	7	10	5	8	5	10	1	6	2	1	3	3	2	3	6	1	8	6	9	4	9	2	9	4	4	5	3	9	6	6	8	1	5	8	7	5	4	6	7	1	9	3	9	10	2	3	3	1	 
stage 9:	2	7	2	9	3	4	1	2	7	5	4	3	2	1	7	6	10	9	1	3	9	1	1	8	10	5	9	4	7	10	4	3	1	9	1	10	2	8	3	10	7	1	3	2	5	2	4	3	1	5	2	2	7	7	8	2	3	8	5	1	1	5	7	1	7	10	4	6	5	5	7	6	7	5	10	6	1	10	6	6	2	6	5	10	1	9	2	4	10	8	10	9	1	9	10	9	2	4	1	8	 
stage 10:	1	2	1	1	4	2	2	7	6	7	8	7	10	8	4	5	3	1	6	9	8	7	6	4	1	4	7	7	5	2	3	1	2	8	2	10	2	10	5	7	2	7	9	7	10	5	4	4	10	6	4	1	1	10	2	9	8	6	3	10	4	9	6	5	8	3	6	8	3	8	9	6	5	6	9	10	7	4	5	7	4	9	5	9	3	9	2	2	10	4	6	5	5	5	10	4	5	7	9	8	 
due date:	90	109	131	156	39	42	39	76	128	53	63	67	33	47	64	128	103	36	72	24	133	140	129	70	140	76	104	102	34	48	23	118	155	136	64	130	25	131	128	100	101	45	36	88	112	16	27	25	95	108	36	125	107	62	54	108	126	86	151	24	86	140	18	146	44	127	104	140	125	74	86	29	119	65	153	78	68	42	47	109	94	140	53	137	57	70	86	92	29	38	124	66	47	156	131	34	116	145	62	48	
processing speed:
stage 1:	0	1	2	4	5		
stage 2:	0	2	3	4			
stage 3:	0	1	3	4	5		
stage 4:	0	1	2	3	4	5	
stage 5:	0	1	2	3	5		
stage 6:	0	2	4				
stage 7:	0	2					
stage 8:	0	1	2	3	4	5	
stage 9:	0	1					
stage 10:	0	1	2	3	4	5	
