number of jobs:	100
number of stages:	5
number of machines:	5
baseline processing time:
stage 1:	5	4	2	3	8	2	1	4	7	1	10	8	4	4	5	6	9	9	6	6	4	1	8	2	7	9	1	2	7	7	2	5	9	8	9	2	7	7	8	1	8	7	9	5	6	8	6	9	4	4	3	6	8	9	2	4	9	1	7	9	5	3	2	2	8	10	2	3	3	4	1	8	8	5	7	5	4	6	8	10	3	5	3	6	3	2	10	6	8	6	3	2	8	4	1	4	9	5	3	5	 
stage 2:	5	8	2	7	3	4	8	4	5	8	9	8	1	6	5	5	2	5	1	10	1	2	8	8	4	4	7	8	7	4	4	10	9	10	6	1	8	9	10	10	1	6	1	1	1	4	1	6	6	3	8	6	8	3	8	3	1	2	10	5	3	10	4	6	10	3	10	6	4	6	8	5	1	10	1	3	10	1	7	8	7	6	10	3	3	10	9	2	7	3	5	5	10	8	5	5	10	5	3	7	 
stage 3:	4	8	7	10	3	6	7	7	7	1	6	10	5	9	9	3	1	5	10	1	6	3	4	10	9	9	10	8	8	7	2	2	3	1	9	9	7	7	9	4	7	2	4	2	9	10	8	7	3	3	10	9	3	10	5	9	6	10	6	3	7	7	2	4	8	1	5	1	2	9	1	1	6	6	7	10	10	8	1	8	9	9	1	9	9	8	2	3	5	9	10	4	5	8	10	7	1	10	7	10	 
stage 4:	7	6	8	10	6	5	3	3	3	3	9	6	10	2	8	7	5	4	1	1	8	5	2	6	10	7	1	8	10	9	3	5	7	7	1	1	3	5	4	5	6	7	9	8	1	7	5	5	5	6	9	3	7	1	5	2	4	3	3	7	1	1	7	8	7	2	1	6	3	10	7	6	10	9	1	10	4	8	9	5	8	6	10	2	6	3	6	7	10	4	8	2	5	9	10	6	6	2	9	1	 
stage 5:	5	1	2	2	4	10	6	8	2	1	3	4	5	9	10	3	8	8	4	7	10	1	10	5	6	5	6	1	8	9	8	3	6	3	6	2	1	5	1	6	5	7	9	1	8	4	5	1	1	3	6	3	8	7	8	10	9	8	10	2	10	9	6	9	9	4	7	3	8	8	6	4	3	9	7	6	3	3	2	1	1	1	6	1	7	7	1	6	5	2	9	5	1	10	5	2	3	8	6	5	 
baseline energy consumption:
stage 1:	9	5	5	1	1	5	1	1	2	3	4	2	4	10	2	2	8	2	4	6	4	3	7	6	9	2	8	7	7	3	2	10	9	10	10	7	1	10	1	9	7	1	3	8	8	4	6	1	10	4	2	2	4	2	10	2	9	9	8	6	5	6	5	6	7	3	8	8	6	4	4	5	4	8	9	2	1	2	2	6	9	3	1	9	9	10	3	6	6	8	8	6	10	4	3	3	2	1	5	9	 
stage 2:	8	6	3	6	1	10	1	7	6	10	2	10	6	7	1	5	7	1	2	5	6	5	7	8	7	3	8	8	10	3	5	9	5	7	7	3	3	3	7	5	5	2	8	3	6	7	9	3	9	7	6	3	10	5	10	3	8	2	7	5	2	2	7	1	2	9	8	2	1	7	5	2	9	7	5	4	8	3	5	3	10	9	1	3	9	5	5	9	5	1	8	8	9	10	8	5	9	8	7	5	 
stage 3:	10	1	6	10	8	2	4	6	6	2	5	6	2	6	4	4	9	6	2	1	1	4	1	8	1	2	8	7	5	1	6	5	1	6	4	5	3	9	2	2	1	5	6	7	5	4	5	8	8	4	1	3	6	5	1	1	5	7	8	1	5	2	5	10	6	2	10	8	2	3	6	9	5	7	1	4	2	3	9	6	1	3	7	4	4	7	6	1	2	8	9	3	6	4	7	6	2	5	3	7	 
stage 4:	3	2	1	8	7	7	1	8	1	1	4	1	2	9	5	4	9	8	10	9	2	5	7	1	6	4	7	3	9	3	5	5	9	10	8	2	5	8	5	7	7	9	1	4	3	10	7	4	6	2	6	4	2	1	4	4	4	3	5	9	1	9	3	7	9	10	9	3	5	6	10	9	10	8	1	4	2	7	8	5	3	1	2	6	3	2	5	9	2	8	1	1	5	2	4	5	7	9	6	5	 
stage 5:	10	9	6	5	1	3	4	9	8	7	9	8	7	8	4	9	1	4	1	5	4	8	4	8	10	1	6	7	3	5	2	10	1	9	10	4	9	7	10	5	10	9	7	3	1	3	10	6	3	8	5	3	6	7	1	2	4	3	4	9	7	5	5	7	6	1	5	9	7	8	6	10	6	8	10	4	10	7	2	5	10	3	3	7	9	10	8	10	3	2	3	8	6	6	10	8	2	5	9	1	 
due date:	88	95	74	69	75	78	53	68	61	52	62	81	95	91	71	59	92	93	83	57	93	82	51	65	72	55	63	53	59	54	72	71	73	100	60	97	62	90	96	52	76	99	87	97	102	89	52	70	65	70	59	85	63	98	88	79	89	88	67	56	99	71	78	100	102	87	70	101	54	58	91	54	90	54	70	64	62	66	58	82	57	69	100	88	90	95	58	80	85	77	51	102	101	71	94	73	52	90	75	83	
processing speed:
stage 1:	0	1	2	3	4	5	
stage 2:	0	1	2	3	4	5	
stage 3:	0	1	2	3			
stage 4:	0	1	2	3			
stage 5:	0	1	2	3	4	5	
