number of jobs:	100
number of stages:	5
number of machines:	5
baseline processing time:
stage 1:	9	2	9	5	7	1	1	8	2	8	1	3	8	10	4	2	6	1	5	8	7	2	9	9	2	2	8	9	6	10	3	10	5	5	8	7	2	7	9	6	9	10	6	8	1	1	8	9	10	2	2	7	5	9	1	1	9	6	3	2	7	7	8	1	3	6	8	10	10	9	6	8	2	5	1	2	3	3	1	7	1	4	9	4	6	1	7	3	7	6	7	1	2	2	1	4	8	9	3	2	 
stage 2:	9	2	3	3	5	3	10	5	6	4	9	7	6	5	5	2	9	10	9	2	9	6	3	6	8	1	5	6	1	9	6	4	5	6	9	4	6	8	1	4	2	1	2	4	5	2	3	6	2	1	4	6	4	3	6	2	3	1	7	3	8	2	6	4	8	1	3	3	9	7	7	2	10	5	6	2	10	9	4	9	9	10	10	3	7	10	1	4	10	10	9	9	7	2	5	7	9	1	10	2	 
stage 3:	10	3	8	7	10	3	5	5	9	8	9	5	5	3	2	7	1	1	9	4	2	3	6	4	4	7	4	8	6	9	10	10	3	9	9	4	6	10	6	7	1	10	7	2	9	2	6	9	5	8	7	9	1	6	2	5	2	3	1	2	9	6	9	7	3	2	4	6	8	1	6	9	1	6	2	8	3	3	6	4	3	10	6	4	3	8	10	5	1	6	9	2	8	4	2	5	2	7	5	4	 
stage 4:	6	5	9	9	6	2	7	9	9	9	4	7	6	5	2	1	1	1	10	8	9	6	1	8	1	1	7	4	1	4	9	8	2	7	10	8	7	3	4	5	2	10	8	10	1	4	6	9	4	5	1	10	5	9	6	2	7	3	9	6	4	6	9	7	7	10	3	1	1	4	7	7	2	2	2	7	7	9	7	6	8	7	2	10	7	8	8	2	1	6	6	8	9	8	4	8	9	10	5	8	 
stage 5:	10	1	8	10	7	6	8	6	2	3	3	7	1	5	3	7	2	3	5	7	4	3	4	7	5	8	2	6	2	1	5	2	10	9	9	5	5	8	3	4	4	1	2	6	6	8	4	5	9	7	4	2	7	6	2	4	1	6	4	6	9	5	4	2	6	1	2	4	10	4	7	10	10	2	8	5	6	8	5	10	3	3	9	6	1	6	1	7	9	6	2	6	10	4	5	7	7	1	10	2	 
baseline energy consumption:
stage 1:	5	7	4	7	7	6	7	3	8	3	9	1	9	3	5	5	10	2	7	6	7	9	6	8	3	7	1	5	5	6	4	9	3	1	2	9	2	7	9	3	1	9	7	3	1	7	7	6	4	5	8	3	7	8	8	9	8	9	1	1	2	8	8	4	5	6	10	10	1	9	2	5	1	6	7	2	6	8	5	6	4	1	1	10	8	6	1	9	7	1	3	2	7	1	2	8	5	6	6	6	 
stage 2:	5	8	10	5	1	8	2	5	3	6	3	7	8	6	5	3	3	7	7	6	1	7	1	2	10	7	4	10	3	1	2	5	9	1	7	7	2	6	7	5	2	5	2	3	5	1	3	3	8	10	9	2	4	7	2	6	7	2	1	8	6	5	3	8	2	10	5	8	9	10	10	7	8	6	1	3	2	10	3	2	8	1	5	10	5	4	1	9	2	1	1	10	7	5	1	1	5	3	7	5	 
stage 3:	2	1	9	3	4	7	2	8	3	1	4	9	10	3	5	6	10	1	3	8	6	5	9	8	8	3	2	9	9	6	2	2	8	2	3	5	6	10	9	10	5	2	7	9	5	6	10	9	9	1	3	9	10	9	3	6	10	1	10	1	10	1	9	10	3	1	7	9	3	8	5	5	4	5	5	6	2	8	1	7	7	3	1	1	8	6	7	9	10	4	3	8	3	7	4	10	2	2	5	1	 
stage 4:	10	4	7	9	8	9	6	10	10	5	2	6	9	2	8	6	8	9	9	9	1	4	2	5	2	7	9	1	5	10	8	10	1	9	5	9	2	2	2	1	1	5	8	6	1	6	8	1	4	5	9	3	3	6	2	2	1	9	7	8	1	7	8	4	5	8	3	10	4	8	4	8	1	4	3	8	7	1	10	1	7	6	1	7	7	10	10	9	7	10	7	9	8	10	6	8	5	6	6	3	 
stage 5:	1	5	2	3	4	2	2	5	4	6	1	1	2	4	2	10	8	5	2	4	8	6	9	3	1	6	2	3	10	7	2	7	2	6	10	10	5	1	1	3	9	10	8	7	9	5	6	7	2	4	6	1	6	3	3	3	10	4	8	5	3	7	8	7	6	5	5	8	8	7	8	6	8	7	3	6	7	9	1	9	9	4	2	10	3	6	1	1	2	6	9	3	1	6	8	5	8	1	4	3	 
due date:	64	31	74	92	110	33	47	51	71	37	96	96	56	43	115	39	92	113	79	71	82	62	101	113	81	106	62	107	83	65	30	89	114	34	78	39	95	98	96	34	84	89	91	111	93	89	56	83	101	106	42	58	45	55	91	67	116	38	65	47	106	100	50	85	78	91	116	33	90	56	107	76	107	33	77	44	30	105	31	39	82	95	83	52	35	85	105	90	69	69	99	109	105	60	37	35	108	61	73	81	
processing speed:
stage 1:	0	1	4	5			
stage 2:	0	4					
stage 3:	0	3	4				
stage 4:	0	1	2	3	4		
stage 5:	0	1	2	3	4		
