number of jobs:	100
number of stages:	5
number of machines:	8
baseline processing time:
stage 1:	5	3	9	10	1	2	1	8	7	1	9	6	1	8	3	8	7	1	1	3	4	6	9	7	3	6	6	1	5	9	4	10	1	3	6	10	1	2	2	6	10	7	9	7	6	10	8	7	9	4	6	5	5	5	3	2	1	8	1	7	9	9	5	4	10	2	2	2	1	9	4	7	7	7	2	5	2	4	10	6	4	1	9	5	10	5	9	9	7	5	8	5	9	4	10	5	5	1	3	1	 
stage 2:	2	3	5	2	4	1	2	6	10	4	6	6	1	5	6	7	5	4	9	2	4	2	10	3	8	3	5	3	7	4	9	3	3	8	4	4	4	2	3	5	3	3	9	6	2	3	5	2	2	3	7	6	3	5	9	6	9	2	1	10	8	2	7	5	10	9	9	5	8	4	5	2	1	4	10	10	10	3	9	5	4	3	7	1	7	8	6	9	6	7	1	5	8	7	5	5	6	7	6	10	 
stage 3:	7	3	6	4	2	6	2	4	6	7	8	3	5	1	9	4	5	6	8	10	10	6	6	2	9	6	8	10	4	1	9	4	8	8	8	1	2	5	4	7	8	3	1	1	2	6	3	9	10	1	8	10	2	4	5	7	1	2	10	5	4	7	4	8	1	7	4	8	5	8	9	10	4	10	10	3	4	3	1	8	2	1	8	6	2	7	8	3	5	5	1	7	8	1	2	6	5	2	3	8	 
stage 4:	1	7	6	4	2	10	2	2	3	3	1	2	3	5	2	7	10	1	2	5	9	2	10	1	9	6	5	5	5	3	10	2	7	3	8	8	1	9	6	4	5	8	6	7	5	5	4	5	4	10	7	3	1	2	6	8	7	10	4	6	8	3	3	9	6	7	1	10	9	4	8	5	4	1	3	1	9	2	9	9	6	6	6	1	10	1	3	10	2	5	3	5	4	3	6	5	1	4	2	5	 
stage 5:	9	2	4	2	6	5	7	7	4	2	2	5	1	9	2	7	6	1	1	3	9	2	8	4	3	5	6	1	10	2	7	5	2	8	5	4	1	3	7	2	6	10	10	1	2	5	7	4	7	5	3	2	4	1	5	10	8	3	6	2	1	4	6	3	3	2	5	1	5	7	4	8	8	5	1	7	5	2	6	3	10	7	3	7	9	9	7	9	7	9	5	1	6	7	3	9	2	3	6	9	 
baseline energy consumption:
stage 1:	5	8	3	6	7	7	1	6	7	10	9	8	10	10	7	2	6	9	4	6	2	1	3	8	10	6	10	9	9	8	6	1	5	7	6	8	9	7	2	3	1	1	1	6	5	3	1	9	2	5	5	8	8	4	7	10	4	4	1	4	6	9	3	7	5	5	10	5	7	2	4	6	5	4	10	5	5	4	3	4	3	7	8	4	5	6	8	6	2	8	4	6	5	1	3	9	3	7	10	2	 
stage 2:	8	4	2	9	9	2	10	5	4	6	3	5	1	2	6	8	10	3	4	4	4	8	9	6	4	1	4	3	2	8	1	10	4	9	8	10	10	1	9	3	2	8	9	1	9	1	10	1	4	1	3	7	6	9	10	5	6	10	10	3	8	5	5	10	1	9	4	4	1	10	8	4	4	8	2	8	1	4	2	3	1	5	9	3	10	4	6	2	6	5	2	5	4	7	2	10	10	10	1	9	 
stage 3:	9	4	8	6	2	4	10	5	9	9	4	4	1	6	10	2	4	6	1	6	10	10	2	10	9	10	2	4	4	6	5	5	1	3	8	8	6	3	3	3	1	1	10	1	1	10	1	4	2	4	7	2	2	4	1	6	3	6	6	4	8	5	6	3	6	4	9	9	1	8	4	1	5	9	1	1	3	3	6	2	7	6	3	4	7	9	6	6	7	1	8	8	5	4	6	9	7	6	8	2	 
stage 4:	3	1	3	3	4	6	6	8	2	5	2	4	1	9	1	8	8	4	2	9	2	3	7	5	4	10	4	6	1	7	5	8	4	10	6	1	3	1	8	8	6	9	2	8	10	6	7	9	7	1	5	10	5	6	2	10	4	9	6	6	10	5	2	7	6	5	8	2	7	5	7	9	2	1	9	7	5	7	7	6	1	4	8	7	6	9	1	8	4	5	2	4	7	8	2	5	7	5	5	5	 
stage 5:	4	3	3	1	4	8	6	6	3	8	10	8	1	5	10	10	7	5	3	7	2	10	2	8	6	2	10	6	6	10	3	4	9	2	7	6	6	3	4	9	7	8	4	9	4	10	6	3	10	5	3	5	8	1	6	5	9	6	1	10	3	3	5	10	9	9	5	5	3	10	9	2	1	2	9	8	5	6	6	5	7	4	7	9	3	6	9	10	6	10	10	7	9	9	7	3	6	10	6	5	 
due date:	44	45	44	57	30	34	54	31	50	34	32	49	33	42	48	51	58	45	51	58	58	35	50	35	32	47	45	53	41	57	56	52	32	33	31	51	49	31	41	46	38	50	48	41	55	45	36	39	41	49	55	45	55	40	59	53	38	47	55	44	49	39	57	42	53	46	48	52	47	32	52	36	40	45	43	41	46	41	49	54	33	41	41	48	44	40	50	55	51	56	50	30	42	44	49	55	39	42	34	30	
processing speed:
stage 1:	0	1	4	5			
stage 2:	0	1	2	3	4	5	
stage 3:	0	1	2	3	5		
stage 4:	0	1	3	4	5		
stage 5:	0	2	3	5			
