number of jobs:	100
number of stages:	5
number of machines:	5
baseline processing time:
stage 1:	4	5	6	6	1	8	4	6	8	10	10	7	1	1	8	7	3	6	10	3	8	6	4	1	10	3	2	3	5	8	7	3	9	8	7	8	2	3	1	8	2	3	4	4	3	8	6	7	9	4	10	5	8	6	6	6	8	1	7	5	5	1	6	4	2	4	3	6	7	1	8	9	8	4	4	2	2	7	7	4	7	4	6	2	10	9	8	4	2	1	9	8	3	6	2	7	4	2	2	3	 
stage 2:	8	5	6	5	1	8	1	4	9	9	10	4	8	3	2	7	5	8	5	9	2	10	10	7	8	1	4	3	3	8	8	7	6	7	9	8	6	9	10	6	7	1	1	8	9	1	6	1	9	5	10	10	2	8	3	4	1	6	7	8	6	8	7	2	8	10	1	9	7	1	6	3	3	5	6	5	1	10	8	5	7	7	2	3	10	4	8	8	5	2	9	1	8	5	1	9	2	9	4	4	 
stage 3:	8	6	4	6	2	7	7	8	10	10	6	8	10	9	6	8	8	8	10	7	3	2	4	3	10	2	5	3	2	7	9	3	3	2	4	3	9	2	8	4	8	10	1	9	2	2	7	7	7	8	9	2	7	5	4	7	6	3	2	8	9	8	5	3	8	5	3	4	2	8	8	9	9	5	10	9	1	2	5	8	10	9	9	1	5	4	1	9	3	7	9	8	8	9	6	7	6	9	4	7	 
stage 4:	1	7	1	6	5	5	3	8	6	7	9	7	1	6	8	6	5	6	5	7	5	9	10	6	8	8	5	4	5	3	7	7	10	4	5	2	6	6	8	7	6	5	2	7	10	4	7	4	4	2	7	3	5	9	10	2	3	1	4	9	5	9	9	9	3	5	6	1	6	2	8	8	2	6	8	7	5	2	6	4	6	6	1	8	6	6	10	2	9	8	7	9	8	5	4	5	1	8	5	2	 
stage 5:	8	7	1	3	10	8	5	9	6	8	5	8	4	10	4	6	9	8	1	1	10	2	4	4	9	8	2	10	5	7	1	8	7	1	5	10	7	9	4	6	3	10	7	3	5	10	4	4	10	1	2	1	7	8	2	1	10	4	5	6	9	1	1	6	10	10	10	10	7	7	3	7	10	5	1	3	9	6	10	8	4	6	9	10	8	2	9	4	8	8	3	1	10	1	7	9	4	8	7	7	 
baseline energy consumption:
stage 1:	7	4	3	2	7	7	6	9	8	4	9	8	1	6	2	2	9	5	2	7	3	9	2	7	2	5	8	10	4	2	3	6	9	4	7	6	8	9	4	10	3	6	5	4	5	5	4	7	9	10	6	9	5	5	9	7	4	7	4	7	7	8	2	5	8	10	8	5	7	9	6	5	5	7	4	7	10	6	8	10	4	2	1	10	7	3	2	9	1	10	4	9	9	7	1	2	5	1	9	9	 
stage 2:	1	5	2	3	1	9	2	3	3	4	3	2	1	4	7	5	7	7	4	4	7	4	1	10	8	3	3	6	8	8	5	10	4	8	3	10	4	4	3	8	6	6	9	7	2	1	2	7	9	6	2	8	10	5	8	1	3	6	9	1	5	1	5	7	3	1	10	1	9	9	3	5	3	5	3	3	7	1	3	1	4	3	3	1	6	3	8	4	6	10	10	2	6	8	10	3	2	2	8	2	 
stage 3:	10	2	4	6	4	7	5	4	6	5	3	6	7	5	5	4	8	1	7	5	2	1	8	10	1	9	9	6	8	8	3	8	10	9	10	3	5	7	10	6	3	9	4	8	3	6	4	3	7	4	10	3	3	6	8	3	3	9	9	4	4	7	9	4	1	8	5	4	6	8	6	8	2	8	5	2	6	6	6	4	1	3	6	2	9	1	2	8	6	5	10	2	8	2	2	4	8	2	8	5	 
stage 4:	8	7	4	8	9	5	8	2	2	2	4	6	9	3	2	3	4	10	7	3	7	1	5	5	5	9	7	4	8	8	4	1	1	5	7	1	5	6	5	10	1	1	9	9	9	9	4	9	9	1	6	2	7	3	9	10	3	3	1	7	5	8	4	2	10	6	1	4	2	10	1	7	10	3	7	1	8	5	8	10	10	4	8	1	6	7	9	9	2	7	9	1	8	8	3	2	6	9	10	4	 
stage 5:	8	3	2	4	8	3	9	8	3	3	2	3	3	5	10	7	2	2	2	8	5	3	6	5	6	9	7	2	9	7	1	5	4	5	5	2	1	2	7	2	2	5	6	8	3	9	5	4	9	5	8	6	7	6	6	10	7	10	2	3	7	2	9	5	3	1	4	6	5	10	9	8	7	2	2	10	9	10	1	8	1	7	3	1	5	9	3	9	5	6	2	3	1	3	1	6	10	2	5	5	 
due date:	52	60	73	60	63	78	89	97	97	78	67	90	64	83	81	86	64	93	97	100	56	75	74	58	66	56	102	94	59	59	69	66	99	90	75	86	54	83	76	97	62	83	101	93	52	68	94	94	70	86	61	73	75	98	84	67	68	61	57	84	68	60	83	99	74	53	95	85	67	81	62	102	92	99	78	89	85	99	74	60	75	86	91	93	74	83	103	96	93	51	58	82	102	66	65	101	94	58	95	67	
processing speed:
stage 1:	0	1	2	3	4	5	
stage 2:	0	1	2	3	4	5	
stage 3:	0	2	3	4			
stage 4:	0	1	3	4	5		
stage 5:	0	1					
