number of jobs:	100
number of stages:	5
number of machines:	8
baseline processing time:
stage 1:	3	10	9	10	1	1	8	1	4	5	4	2	7	6	3	6	5	6	6	10	3	3	4	2	5	6	2	8	10	4	3	4	9	1	6	2	6	3	8	1	2	10	6	4	2	4	1	7	1	7	9	10	2	10	1	8	3	8	5	3	7	8	4	2	9	1	9	3	6	6	4	6	1	6	1	5	5	9	8	5	8	3	3	1	7	6	3	4	7	7	5	4	5	1	9	5	6	10	9	3	 
stage 2:	3	1	1	2	1	3	8	7	9	4	10	7	4	8	8	8	3	10	6	4	3	3	5	1	9	9	5	3	3	2	1	1	9	10	3	9	8	10	10	5	1	6	6	4	2	7	7	10	10	5	4	2	8	6	3	9	2	2	1	6	10	9	10	10	10	10	6	4	3	10	1	7	8	10	9	4	6	1	1	9	3	6	9	3	8	2	3	5	1	5	2	10	9	2	6	10	5	4	6	8	 
stage 3:	1	4	9	2	5	10	10	8	8	8	10	5	5	1	2	1	5	7	5	10	9	6	1	7	1	2	9	2	8	7	8	9	9	3	4	4	9	1	2	6	1	6	10	7	5	8	3	7	10	6	5	4	9	5	9	8	4	6	2	10	4	9	1	8	10	2	2	1	5	8	5	7	6	4	6	2	7	1	10	1	1	7	8	2	8	7	5	10	4	6	10	5	1	4	10	1	4	2	10	8	 
stage 4:	4	8	10	6	7	8	10	2	7	5	5	10	2	9	1	9	5	8	10	6	3	9	6	3	2	3	2	9	10	7	5	2	1	10	2	1	5	5	6	3	2	4	1	2	6	8	6	10	10	1	7	3	9	3	7	10	7	7	10	8	2	1	10	6	3	1	9	1	3	8	6	10	3	7	4	5	5	8	1	3	1	6	1	10	5	7	9	10	6	8	3	10	9	7	1	1	1	10	4	3	 
stage 5:	5	5	1	1	9	2	1	6	2	2	4	5	8	7	2	4	8	6	3	4	10	5	9	9	3	1	8	2	6	10	7	7	1	7	5	8	1	3	5	6	7	9	2	10	1	7	8	9	10	2	1	4	10	9	7	3	10	4	8	6	10	3	2	8	5	4	6	4	9	6	4	5	6	2	7	1	6	5	1	3	10	2	5	2	8	3	4	8	7	8	6	2	2	8	9	6	10	2	6	10	 
baseline energy consumption:
stage 1:	10	5	3	4	4	1	1	5	2	1	3	7	3	6	5	7	1	7	10	7	6	9	9	3	1	8	2	3	1	7	10	9	10	3	6	3	3	2	6	10	7	1	3	4	7	5	10	3	8	1	10	1	3	10	2	5	9	2	7	6	8	4	1	5	5	5	1	5	8	3	1	10	6	10	1	6	2	5	1	7	1	10	8	6	9	2	8	10	1	8	4	10	5	5	1	3	6	5	4	7	 
stage 2:	4	8	3	10	3	3	9	2	9	9	1	3	8	1	3	6	7	3	6	4	9	3	8	7	3	9	4	7	10	6	7	2	1	9	10	7	1	9	4	5	8	8	7	5	6	8	8	1	2	8	6	8	4	2	3	2	9	10	2	9	7	4	8	9	8	6	3	8	2	3	7	7	9	7	1	2	8	4	10	9	4	2	1	5	2	7	3	4	7	7	4	5	6	1	6	8	2	7	10	1	 
stage 3:	2	5	4	3	7	8	9	4	7	4	8	9	5	3	4	6	8	1	7	2	5	2	2	6	4	3	10	3	5	7	1	6	8	1	7	6	7	8	9	1	3	2	7	10	3	4	2	2	2	6	9	3	9	9	9	10	3	5	1	7	3	2	6	10	2	3	5	1	4	2	10	1	2	5	3	7	7	2	7	4	10	3	5	10	5	9	10	6	8	10	7	6	1	8	6	4	4	10	10	3	 
stage 4:	7	8	3	2	10	7	8	3	8	10	6	3	3	10	9	5	7	4	5	1	7	3	10	8	9	1	2	3	4	5	7	2	9	5	6	4	9	2	4	5	2	3	10	9	8	4	4	9	5	8	7	7	7	2	1	1	8	8	6	8	10	5	8	2	9	9	7	9	1	10	10	5	3	4	6	7	8	6	5	3	6	5	10	6	5	9	3	7	5	2	10	1	6	8	2	3	8	7	4	10	 
stage 5:	3	4	3	2	4	9	6	7	6	4	7	7	1	3	1	5	3	9	3	7	9	6	3	6	3	4	3	9	6	1	6	1	8	6	1	10	5	7	2	2	6	1	7	4	5	3	2	7	2	5	4	10	3	5	4	1	2	5	1	1	8	3	7	1	4	6	7	6	10	3	1	1	9	5	6	1	1	10	6	5	8	8	8	6	9	10	3	10	1	1	8	3	7	8	9	10	3	8	3	9	 
due date:	38	37	68	63	66	47	24	47	26	27	67	69	49	72	57	56	34	26	22	39	34	57	65	65	30	48	34	50	51	41	46	45	58	43	49	19	32	69	45	19	40	54	38	42	68	62	36	23	33	26	40	62	65	69	56	68	30	37	25	40	22	33	60	53	24	30	59	57	29	60	49	38	58	62	45	69	39	24	59	37	20	39	24	19	20	28	27	41	64	34	26	35	39	50	52	47	41	56	40	27	
processing speed:
stage 1:	0	1	2	3	4	5	
stage 2:	0	3	5				
stage 3:	0	4					
stage 4:	0	3					
stage 5:	0	1	3	4	5		
