number of jobs:	100
number of stages:	5
number of machines:	5
baseline processing time:
stage 1:	5	7	4	7	7	6	7	3	8	3	9	1	9	3	5	5	10	2	7	6	7	9	6	8	3	7	1	5	5	6	4	9	3	1	2	9	2	7	9	3	1	9	7	3	1	7	7	6	4	5	8	3	7	8	8	9	8	9	1	1	2	8	8	4	5	6	10	10	1	9	2	5	1	6	7	2	6	8	5	6	4	1	1	10	8	6	1	9	7	1	3	2	7	1	2	8	5	6	6	6	 
stage 2:	5	8	10	5	1	8	2	5	3	6	3	7	8	6	5	3	3	7	7	6	1	7	1	2	10	7	4	10	3	1	2	5	9	1	7	7	2	6	7	5	2	5	2	3	5	1	3	3	8	10	9	2	4	7	2	6	7	2	1	8	6	5	3	8	2	10	5	8	9	10	10	7	8	6	1	3	2	10	3	2	8	1	5	10	5	4	1	9	2	1	1	10	7	5	1	1	5	3	7	5	 
stage 3:	2	1	9	3	4	7	2	8	3	1	4	9	10	3	5	6	10	1	3	8	6	5	9	8	8	3	2	9	9	6	2	2	8	2	3	5	6	10	9	10	5	2	7	9	5	6	10	9	9	1	3	9	10	9	3	6	10	1	10	1	10	1	9	10	3	1	7	9	3	8	5	5	4	5	5	6	2	8	1	7	7	3	1	1	8	6	7	9	10	4	3	8	3	7	4	10	2	2	5	1	 
stage 4:	10	4	7	9	8	9	6	10	10	5	2	6	9	2	8	6	8	9	9	9	1	4	2	5	2	7	9	1	5	10	8	10	1	9	5	9	2	2	2	1	1	5	8	6	1	6	8	1	4	5	9	3	3	6	2	2	1	9	7	8	1	7	8	4	5	8	3	10	4	8	4	8	1	4	3	8	7	1	10	1	7	6	1	7	7	10	10	9	7	10	7	9	8	10	6	8	5	6	6	3	 
stage 5:	1	5	2	3	4	2	2	5	4	6	1	1	2	4	2	10	8	5	2	4	8	6	9	3	1	6	2	3	10	7	2	7	2	6	10	10	5	1	1	3	9	10	8	7	9	5	6	7	2	4	6	1	6	3	3	3	10	4	8	5	3	7	8	7	6	5	5	8	8	7	8	6	8	7	3	6	7	9	1	9	9	4	2	10	3	6	1	1	2	6	9	3	1	6	8	5	8	1	4	3	 
baseline energy consumption:
stage 1:	5	4	2	3	8	2	1	4	7	1	10	8	4	4	5	6	9	9	6	6	4	1	8	2	7	9	1	2	7	7	2	5	9	8	9	2	7	7	8	1	8	7	9	5	6	8	6	9	4	4	3	6	8	9	2	4	9	1	7	9	5	3	2	2	8	10	2	3	3	4	1	8	8	5	7	5	4	6	8	10	3	5	3	6	3	2	10	6	8	6	3	2	8	4	1	4	9	5	3	5	 
stage 2:	5	8	2	7	3	4	8	4	5	8	9	8	1	6	5	5	2	5	1	10	1	2	8	8	4	4	7	8	7	4	4	10	9	10	6	1	8	9	10	10	1	6	1	1	1	4	1	6	6	3	8	6	8	3	8	3	1	2	10	5	3	10	4	6	10	3	10	6	4	6	8	5	1	10	1	3	10	1	7	8	7	6	10	3	3	10	9	2	7	3	5	5	10	8	5	5	10	5	3	7	 
stage 3:	4	8	7	10	3	6	7	7	7	1	6	10	5	9	9	3	1	5	10	1	6	3	4	10	9	9	10	8	8	7	2	2	3	1	9	9	7	7	9	4	7	2	4	2	9	10	8	7	3	3	10	9	3	10	5	9	6	10	6	3	7	7	2	4	8	1	5	1	2	9	1	1	6	6	7	10	10	8	1	8	9	9	1	9	9	8	2	3	5	9	10	4	5	8	10	7	1	10	7	10	 
stage 4:	7	6	8	10	6	5	3	3	3	3	9	6	10	2	8	7	5	4	1	1	8	5	2	6	10	7	1	8	10	9	3	5	7	7	1	1	3	5	4	5	6	7	9	8	1	7	5	5	5	6	9	3	7	1	5	2	4	3	3	7	1	1	7	8	7	2	1	6	3	10	7	6	10	9	1	10	4	8	9	5	8	6	10	2	6	3	6	7	10	4	8	2	5	9	10	6	6	2	9	1	 
stage 5:	5	1	2	2	4	10	6	8	2	1	3	4	5	9	10	3	8	8	4	7	10	1	10	5	6	5	6	1	8	9	8	3	6	3	6	2	1	5	1	6	5	7	9	1	8	4	5	1	1	3	6	3	8	7	8	10	9	8	10	2	10	9	6	9	9	4	7	3	8	8	6	4	3	9	7	6	3	3	2	1	1	1	6	1	7	7	1	6	5	2	9	5	1	10	5	2	3	8	6	5	 
due date:	64	76	36	45	61	51	66	60	73	92	86	89	31	86	63	73	91	97	37	95	103	86	33	80	112	39	47	41	57	33	97	95	91	84	76	89	97	83	50	87	87	110	65	102	55	47	49	32	49	69	45	71	80	68	39	111	102	67	72	114	104	64	32	100	35	115	89	75	111	105	109	82	57	91	108	85	54	66	45	61	34	48	53	73	108	115	53	101	93	82	35	86	45	68	114	108	67	40	89	68	
processing speed:
stage 1:	0	1	3	4	5		
stage 2:	0	1	2	3	4	5	
stage 3:	0	1	4				
stage 4:	0	3	4	5			
stage 5:	0	1	2	3	4	5	
