number of jobs:	100
number of stages:	5
number of machines:	5
baseline processing time:
stage 1:	4	5	6	6	1	8	4	6	8	10	10	7	1	1	8	7	3	6	10	3	8	6	4	1	10	3	2	3	5	8	7	3	9	8	7	8	2	3	1	8	2	3	4	4	3	8	6	7	9	4	10	5	8	6	6	6	8	1	7	5	5	1	6	4	2	4	3	6	7	1	8	9	8	4	4	2	2	7	7	4	7	4	6	2	10	9	8	4	2	1	9	8	3	6	2	7	4	2	2	3	 
stage 2:	8	5	6	5	1	8	1	4	9	9	10	4	8	3	2	7	5	8	5	9	2	10	10	7	8	1	4	3	3	8	8	7	6	7	9	8	6	9	10	6	7	1	1	8	9	1	6	1	9	5	10	10	2	8	3	4	1	6	7	8	6	8	7	2	8	10	1	9	7	1	6	3	3	5	6	5	1	10	8	5	7	7	2	3	10	4	8	8	5	2	9	1	8	5	1	9	2	9	4	4	 
stage 3:	8	6	4	6	2	7	7	8	10	10	6	8	10	9	6	8	8	8	10	7	3	2	4	3	10	2	5	3	2	7	9	3	3	2	4	3	9	2	8	4	8	10	1	9	2	2	7	7	7	8	9	2	7	5	4	7	6	3	2	8	9	8	5	3	8	5	3	4	2	8	8	9	9	5	10	9	1	2	5	8	10	9	9	1	5	4	1	9	3	7	9	8	8	9	6	7	6	9	4	7	 
stage 4:	1	7	1	6	5	5	3	8	6	7	9	7	1	6	8	6	5	6	5	7	5	9	10	6	8	8	5	4	5	3	7	7	10	4	5	2	6	6	8	7	6	5	2	7	10	4	7	4	4	2	7	3	5	9	10	2	3	1	4	9	5	9	9	9	3	5	6	1	6	2	8	8	2	6	8	7	5	2	6	4	6	6	1	8	6	6	10	2	9	8	7	9	8	5	4	5	1	8	5	2	 
stage 5:	8	7	1	3	10	8	5	9	6	8	5	8	4	10	4	6	9	8	1	1	10	2	4	4	9	8	2	10	5	7	1	8	7	1	5	10	7	9	4	6	3	10	7	3	5	10	4	4	10	1	2	1	7	8	2	1	10	4	5	6	9	1	1	6	10	10	10	10	7	7	3	7	10	5	1	3	9	6	10	8	4	6	9	10	8	2	9	4	8	8	3	1	10	1	7	9	4	8	7	7	 
baseline energy consumption:
stage 1:	7	4	3	2	7	7	6	9	8	4	9	8	1	6	2	2	9	5	2	7	3	9	2	7	2	5	8	10	4	2	3	6	9	4	7	6	8	9	4	10	3	6	5	4	5	5	4	7	9	10	6	9	5	5	9	7	4	7	4	7	7	8	2	5	8	10	8	5	7	9	6	5	5	7	4	7	10	6	8	10	4	2	1	10	7	3	2	9	1	10	4	9	9	7	1	2	5	1	9	9	 
stage 2:	1	5	2	3	1	9	2	3	3	4	3	2	1	4	7	5	7	7	4	4	7	4	1	10	8	3	3	6	8	8	5	10	4	8	3	10	4	4	3	8	6	6	9	7	2	1	2	7	9	6	2	8	10	5	8	1	3	6	9	1	5	1	5	7	3	1	10	1	9	9	3	5	3	5	3	3	7	1	3	1	4	3	3	1	6	3	8	4	6	10	10	2	6	8	10	3	2	2	8	2	 
stage 3:	10	2	4	6	4	7	5	4	6	5	3	6	7	5	5	4	8	1	7	5	2	1	8	10	1	9	9	6	8	8	3	8	10	9	10	3	5	7	10	6	3	9	4	8	3	6	4	3	7	4	10	3	3	6	8	3	3	9	9	4	4	7	9	4	1	8	5	4	6	8	6	8	2	8	5	2	6	6	6	4	1	3	6	2	9	1	2	8	6	5	10	2	8	2	2	4	8	2	8	5	 
stage 4:	8	7	4	8	9	5	8	2	2	2	4	6	9	3	2	3	4	10	7	3	7	1	5	5	5	9	7	4	8	8	4	1	1	5	7	1	5	6	5	10	1	1	9	9	9	9	4	9	9	1	6	2	7	3	9	10	3	3	1	7	5	8	4	2	10	6	1	4	2	10	1	7	10	3	7	1	8	5	8	10	10	4	8	1	6	7	9	9	2	7	9	1	8	8	3	2	6	9	10	4	 
stage 5:	8	3	2	4	8	3	9	8	3	3	2	3	3	5	10	7	2	2	2	8	5	3	6	5	6	9	7	2	9	7	1	5	4	5	5	2	1	2	7	2	2	5	6	8	3	9	5	4	9	5	8	6	7	6	6	10	7	10	2	3	7	2	9	5	3	1	4	6	5	10	9	8	7	2	2	10	9	10	1	8	1	7	3	1	5	9	3	9	5	6	2	3	1	3	1	6	10	2	5	5	 
due date:	88	34	92	69	100	47	55	42	38	104	110	97	104	105	50	70	103	69	97	67	104	112	81	97	95	84	118	47	63	73	120	43	62	120	55	90	38	121	97	49	100	112	48	108	36	37	85	81	51	42	45	59	94	85	69	63	59	103	76	56	101	37	70	38	63	86	78	60	91	35	55	116	116	110	103	40	51	97	97	58	93	106	41	33	87	48	61	106	111	57	60	34	86	117	79	112	40	70	35	43	
processing speed:
stage 1:	0	1	2	3	4	5	
stage 2:	0	1	2	3	4	5	
stage 3:	0	2	3	4			
stage 4:	0	1	3	4	5		
stage 5:	0	1					
