number of jobs:	100
number of stages:	5
number of machines:	8
baseline processing time:
stage 1:	10	10	3	6	6	8	1	3	10	5	7	5	1	3	5	2	5	5	5	5	2	4	4	3	3	5	7	2	5	7	2	9	1	1	8	4	3	7	5	4	9	9	2	5	1	6	6	10	1	7	8	1	3	2	2	1	8	5	10	3	3	8	5	8	8	6	2	2	1	2	5	3	6	6	4	6	3	2	8	6	10	4	2	4	1	7	1	10	4	9	1	7	3	4	3	10	4	5	4	2	 
stage 2:	3	8	2	7	3	8	9	10	1	8	1	5	9	8	6	1	1	4	7	5	5	3	5	2	3	1	4	8	4	4	6	5	1	1	8	6	5	5	6	6	2	2	1	5	1	5	9	1	2	4	7	1	10	5	6	7	8	4	4	6	9	10	8	6	2	10	3	7	5	9	5	8	6	10	1	7	9	9	6	3	7	8	3	4	10	10	5	1	2	8	5	10	8	3	9	2	10	4	10	7	 
stage 3:	9	8	9	2	7	7	8	2	2	2	8	3	3	8	9	10	1	7	9	8	5	5	9	7	1	1	2	2	2	3	6	9	4	7	9	7	6	3	8	8	3	1	8	6	8	8	7	10	3	5	5	10	9	7	4	3	9	10	3	5	9	3	8	3	7	2	7	7	7	1	8	3	2	5	8	2	7	10	4	7	5	5	1	1	5	10	4	3	3	2	4	7	8	1	7	4	8	1	5	8	 
stage 4:	10	1	8	2	2	5	2	9	1	9	8	10	5	3	9	1	4	6	8	1	3	6	1	1	4	2	3	1	6	10	3	10	8	2	2	4	7	7	4	10	7	5	7	9	1	1	4	3	7	9	10	1	2	6	1	8	10	8	5	9	8	7	7	8	2	8	7	6	4	2	9	9	8	7	1	9	5	6	2	2	8	1	2	1	1	2	10	1	7	1	1	6	3	10	7	10	5	7	6	4	 
stage 5:	8	7	5	1	6	7	6	10	1	9	5	1	1	6	3	7	4	7	1	5	6	7	2	5	1	1	5	8	3	9	6	4	5	10	5	10	6	7	6	9	1	2	8	10	5	8	3	4	2	10	3	8	9	9	9	4	4	6	7	9	9	3	6	5	4	10	6	2	6	7	7	7	3	6	1	8	4	8	4	3	4	8	3	10	3	8	1	2	7	4	3	4	1	5	6	9	7	9	1	9	 
baseline energy consumption:
stage 1:	7	3	3	5	7	8	4	2	3	7	4	9	6	5	5	9	2	5	10	4	1	5	9	7	7	2	3	1	5	10	5	7	3	1	10	8	6	6	1	1	2	3	4	9	10	1	9	3	6	9	4	3	8	5	2	7	4	6	5	7	1	7	5	4	4	5	8	5	8	8	8	1	3	5	9	3	2	8	3	10	2	7	1	3	6	4	5	10	4	2	2	9	8	5	4	6	3	4	9	6	 
stage 2:	5	9	6	3	1	5	10	3	8	6	10	9	5	6	1	2	4	9	8	5	4	8	5	9	4	9	2	6	6	10	3	6	4	8	7	8	3	4	6	2	4	8	10	3	9	2	9	7	2	4	1	6	5	8	4	3	2	5	9	8	7	1	1	9	10	4	3	1	6	2	6	5	8	8	8	10	1	5	3	2	9	8	3	7	7	9	10	3	5	9	9	6	7	5	9	10	4	2	9	1	 
stage 3:	4	2	4	4	3	5	4	2	7	1	7	7	2	9	7	8	6	9	4	2	7	3	4	1	9	5	4	1	2	9	8	9	8	1	2	1	4	7	3	8	3	6	4	4	1	7	8	3	6	8	6	4	9	10	1	5	8	2	6	1	7	2	9	6	1	7	5	5	5	1	4	8	7	1	7	4	6	8	7	4	2	10	4	1	9	6	4	6	10	7	6	2	10	3	2	3	3	4	5	4	 
stage 4:	9	9	10	7	7	4	10	2	5	10	2	9	5	8	1	10	3	10	7	3	7	2	1	5	4	2	5	1	9	7	3	9	5	1	2	9	3	10	7	8	9	10	1	1	10	7	6	5	6	4	6	7	6	10	9	6	1	10	7	1	8	6	3	9	6	6	1	7	7	3	5	1	7	1	6	7	2	7	6	2	10	6	5	5	6	3	1	6	7	9	6	8	5	6	3	9	5	6	7	10	 
stage 5:	1	5	9	2	2	5	5	10	7	5	2	9	10	9	7	4	4	2	8	2	3	7	7	7	2	4	2	4	9	3	2	2	1	1	9	4	2	4	3	1	5	9	10	3	10	4	8	5	4	5	6	8	3	6	8	8	10	6	8	1	3	9	10	10	5	7	3	4	8	4	1	3	5	7	10	5	4	4	5	1	4	1	10	1	9	7	5	4	3	6	2	2	3	8	8	4	9	8	5	4	 
due date:	49	58	60	52	39	33	36	32	60	57	44	49	38	32	55	51	52	51	49	58	54	57	55	56	47	38	55	52	39	61	33	35	51	33	59	42	44	56	45	35	33	59	41	57	38	54	38	54	55	55	38	36	57	37	43	43	40	37	51	51	41	32	38	37	61	34	44	42	58	34	39	53	54	41	34	56	60	35	45	39	42	49	52	55	42	33	41	47	50	32	34	35	36	38	43	46	60	58	53	43	
processing speed:
stage 1:	0	2					
stage 2:	0	1	2	3	4	5	
stage 3:	0	1	2	3	4	5	
stage 4:	0	1	2	3	4	5	
stage 5:	0	1					
