number of jobs:	100
number of stages:	10
number of machines:	8
baseline processing time:
stage 1:	5	9	1	1	7	9	1	3	7	1	4	9	3	6	5	4	1	6	1	2	10	9	6	8	9	6	5	3	1	1	9	5	10	2	1	4	7	2	2	10	4	9	10	9	7	8	9	10	5	3	7	10	9	1	6	10	6	7	4	8	3	5	7	5	6	6	8	1	8	2	4	1	10	5	2	1	1	4	4	7	10	8	6	3	1	1	9	4	2	1	3	1	9	9	4	5	8	5	5	10	 
stage 2:	2	5	4	2	10	6	1	6	5	9	4	10	8	5	7	9	3	4	4	3	3	9	2	5	2	7	3	9	9	1	8	7	10	9	8	5	1	10	10	9	4	7	7	6	6	1	8	5	6	6	4	7	10	7	9	4	9	2	6	7	1	3	2	5	4	1	3	3	7	1	1	2	9	10	3	7	4	4	1	3	7	2	4	1	6	9	5	3	8	7	1	3	2	7	7	10	2	10	4	1	 
stage 3:	7	6	2	2	6	8	5	9	5	8	10	6	9	8	4	9	8	8	2	4	8	1	2	3	10	8	2	5	1	10	4	4	1	4	5	9	4	10	4	1	2	8	2	8	5	1	8	2	5	3	6	9	10	1	4	2	10	1	3	10	2	9	8	1	2	1	5	4	4	10	3	2	5	6	1	10	7	7	9	10	9	8	10	9	9	2	3	10	10	9	3	4	2	10	1	1	8	3	4	9	 
stage 4:	1	6	2	2	3	1	3	2	10	2	9	10	9	5	5	10	7	8	1	6	5	6	5	4	4	7	1	6	7	4	8	3	6	1	9	8	4	3	9	9	6	6	10	3	2	3	4	6	1	2	7	10	1	3	1	2	5	3	5	6	1	7	1	5	9	3	5	9	5	2	9	9	2	4	1	6	1	2	2	3	4	9	4	7	7	3	4	1	4	9	9	10	6	2	4	6	2	6	2	7	 
stage 5:	9	4	6	7	4	2	1	2	6	1	9	8	3	6	10	7	2	5	1	7	6	10	2	7	7	3	4	5	8	6	1	6	3	5	5	4	8	1	5	6	10	3	9	7	7	5	6	3	2	6	5	1	9	1	3	2	5	5	4	2	8	2	2	6	8	4	6	9	6	7	3	6	8	10	9	6	1	10	8	10	7	2	2	3	8	10	9	3	1	6	6	4	6	2	5	3	9	10	6	5	 
stage 6:	3	10	2	8	1	6	8	8	1	3	6	7	6	1	9	10	3	10	2	6	7	7	10	7	4	5	5	2	8	7	9	4	2	2	9	7	7	5	4	6	1	5	5	9	5	5	4	5	1	1	6	1	8	8	3	3	6	10	8	7	2	9	10	4	6	8	10	10	4	2	3	8	3	1	1	7	8	8	7	1	4	1	7	8	1	2	10	3	3	5	7	1	10	1	7	6	9	4	1	1	 
stage 7:	3	2	1	6	4	6	5	7	4	2	2	3	3	3	4	3	8	4	2	5	3	6	3	2	3	6	5	6	2	10	2	5	9	5	4	2	4	10	3	5	3	1	8	9	7	5	7	5	7	10	1	5	4	1	7	9	1	8	3	8	7	7	2	2	10	8	1	8	1	7	9	4	2	1	8	5	7	9	1	8	7	4	1	5	7	4	1	9	10	5	6	8	7	7	6	6	9	4	2	5	 
stage 8:	3	4	6	4	7	3	1	4	6	10	6	2	6	10	1	4	8	1	5	7	3	1	6	9	1	10	4	7	2	5	7	8	7	8	8	10	10	3	3	8	1	6	7	3	5	7	1	6	2	8	8	7	1	9	9	8	2	1	3	4	3	4	9	4	1	3	4	9	1	1	10	6	2	4	1	8	8	2	6	9	9	9	6	5	9	2	7	10	4	6	4	4	1	9	8	2	1	5	10	7	 
stage 9:	7	4	10	2	3	2	5	7	1	5	2	1	6	5	3	2	3	8	9	4	8	7	5	5	10	3	2	8	10	6	3	9	7	10	4	5	1	1	2	9	6	1	1	10	5	5	3	5	4	5	6	5	6	6	5	7	4	6	5	6	9	3	3	1	3	10	5	3	5	4	1	10	6	5	2	9	1	3	10	3	2	1	8	6	4	6	8	4	1	6	2	7	3	9	8	1	3	5	8	4	 
stage 10:	2	2	5	7	2	5	9	7	1	3	2	4	5	1	2	5	8	4	3	2	10	1	5	4	5	2	1	10	3	2	4	3	2	1	7	8	5	7	2	3	7	7	9	9	9	1	7	9	3	9	10	10	7	10	10	3	2	3	10	7	9	4	10	2	6	6	6	6	10	2	7	10	8	4	3	3	10	1	4	3	1	7	7	2	7	3	1	2	4	6	7	10	8	8	5	5	10	5	8	5	 
baseline energy consumption:
stage 1:	5	3	7	1	7	9	10	7	6	4	2	3	10	10	9	6	5	6	9	2	1	1	5	1	2	5	8	7	4	1	6	3	5	10	7	4	5	10	5	3	3	8	5	8	2	4	5	3	3	10	2	7	7	6	2	8	3	7	5	5	3	1	1	3	6	7	8	1	5	5	1	7	6	7	9	7	9	9	3	10	6	7	5	2	8	5	1	7	2	3	6	9	6	4	5	2	4	4	3	6	 
stage 2:	8	2	9	10	4	3	1	6	10	4	4	9	4	4	2	1	4	8	10	9	2	9	9	10	4	3	6	10	6	10	8	5	1	4	1	8	4	2	1	2	1	9	10	6	6	2	4	2	10	1	4	3	6	2	8	1	4	5	1	10	2	3	6	1	8	8	8	3	7	2	10	6	3	8	4	2	4	4	9	3	10	8	6	7	2	6	4	3	10	2	5	7	8	3	8	2	5	5	10	9	 
stage 3:	9	8	2	10	9	4	1	10	4	1	10	2	9	2	4	5	1	8	6	3	1	10	1	1	2	7	2	1	3	6	8	6	6	9	1	4	5	1	3	6	7	3	7	6	7	8	5	6	7	8	5	3	3	10	3	5	5	10	9	2	8	10	9	5	6	3	10	4	9	6	4	3	3	8	4	3	8	10	7	10	7	10	9	10	2	2	1	5	4	10	4	9	7	8	7	1	10	5	2	2	 
stage 4:	3	3	4	6	2	2	1	1	8	2	2	7	4	4	1	5	4	6	3	8	6	2	10	7	7	5	5	2	4	6	10	2	6	8	7	7	2	9	5	7	1	8	6	1	4	2	7	2	7	5	7	8	3	2	5	7	7	9	3	5	3	8	2	1	4	1	4	8	10	7	1	10	2	10	1	2	2	1	5	7	2	4	1	5	9	1	6	8	2	3	6	5	3	7	9	1	1	9	6	9	 
stage 5:	4	3	4	6	3	10	1	10	7	3	2	2	6	10	6	3	9	7	6	4	7	4	4	6	10	3	8	6	9	1	3	5	9	5	3	9	1	9	5	6	7	7	3	9	6	10	9	7	6	6	1	1	4	4	1	4	8	7	8	5	7	3	5	7	2	2	3	4	9	5	10	7	5	4	10	2	8	4	8	2	2	1	9	5	3	9	5	8	2	3	1	6	10	8	2	1	3	2	5	10	 
stage 6:	8	6	7	6	10	8	10	2	9	6	1	8	6	9	8	1	7	8	7	3	1	6	3	9	5	8	4	10	4	4	9	7	5	5	2	6	4	5	4	4	7	4	6	6	8	6	1	9	7	2	3	7	10	7	10	6	4	5	4	2	4	10	8	6	1	8	10	9	7	8	1	7	8	2	9	4	1	7	2	4	10	10	2	6	8	6	3	9	4	3	5	8	1	10	8	3	2	7	3	10	 
stage 7:	4	9	2	5	6	5	2	8	3	4	8	6	1	3	8	10	9	10	1	3	8	1	1	1	1	7	9	5	10	3	5	10	9	4	10	4	8	8	4	3	5	3	4	2	5	5	7	10	10	9	9	6	4	3	1	7	10	9	5	10	5	3	1	3	1	6	7	7	9	4	4	4	1	2	1	3	4	5	3	2	6	1	2	5	8	2	4	6	7	8	5	9	8	3	8	6	5	9	8	1	 
stage 8:	4	6	4	5	9	4	6	2	6	6	10	10	10	4	6	5	3	8	3	3	1	1	10	4	4	2	4	6	6	4	5	3	4	9	8	1	9	1	3	2	6	4	9	6	1	8	4	9	6	2	8	8	8	3	1	10	10	3	10	4	8	9	8	2	7	5	4	6	10	5	2	5	9	9	9	9	9	8	10	1	6	3	3	3	3	5	5	6	9	9	9	3	2	9	9	8	7	2	7	5	 
stage 9:	1	3	6	8	5	4	9	8	4	9	3	5	10	6	7	8	10	1	1	8	9	8	6	9	1	10	6	10	9	6	5	7	5	2	5	9	1	7	7	6	4	7	9	8	5	4	8	5	5	5	10	3	5	10	3	5	10	1	8	5	1	6	5	3	3	9	10	4	5	5	10	9	6	2	5	8	7	9	1	2	7	8	7	4	7	10	2	1	6	1	7	6	5	8	8	3	8	9	3	9	 
stage 10:	3	1	8	6	8	8	5	10	5	7	10	8	2	6	10	4	2	6	3	9	8	9	10	3	5	5	1	5	6	10	3	10	9	5	10	2	2	8	6	5	4	9	6	10	10	7	9	3	10	5	5	6	3	1	6	6	6	6	4	8	6	5	10	2	3	3	7	9	4	2	9	10	6	5	3	5	6	9	5	4	9	4	5	1	3	1	9	8	1	2	5	8	10	6	10	4	9	2	5	1	 
due date:	67	61	35	16	42	65	72	87	80	75	101	17	60	52	100	32	44	47	32	84	41	13	58	31	33	72	36	88	21	82	84	92	63	93	103	71	96	77	103	18	17	37	54	43	55	12	68	32	70	67	41	95	97	26	88	9	88	10	96	98	35	20	66	63	45	44	56	12	74	9	37	35	93	39	95	21	16	78	24	87	18	60	25	97	77	75	64	37	64	14	59	32	29	84	59	80	11	21	63	48	
processing speed:
stage 1:	0	1	4	5			
stage 2:	0	1	2	3	4	5	
stage 3:	0	1	2	3	5		
stage 4:	0	1	3	4	5		
stage 5:	0	2	3	5			
stage 6:	0	2	4				
stage 7:	0	2					
stage 8:	0	1	2				
stage 9:	0	1	2	3	4	5	
stage 10:	0	2					
