number of jobs:	30
number of stages:	10
number of machines:	5
baseline processing time:
stage 1:	8	8	7	2	10	1	1	3	4	1	6	10	10	10	8	5	3	10	10	5	10	6	6	10	2	8	6	3	7	6	 
stage 2:	10	9	3	1	7	5	9	6	9	5	6	4	4	6	10	4	4	2	6	1	4	5	9	2	8	3	9	3	6	7	 
stage 3:	5	7	4	9	4	3	2	6	8	3	4	7	9	10	4	3	3	4	6	6	8	2	2	10	8	5	8	6	10	1	 
stage 4:	2	4	7	1	8	9	6	5	7	4	3	1	1	2	2	5	10	3	2	9	10	1	2	9	3	3	4	10	5	9	 
stage 5:	1	6	2	3	8	10	8	2	4	3	2	5	6	4	9	4	1	5	5	5	4	3	5	1	4	6	9	3	7	9	 
stage 6:	7	9	9	7	5	5	2	5	9	1	10	9	5	6	5	4	7	5	3	5	6	2	7	1	9	1	10	6	1	8	 
stage 7:	5	6	3	5	10	2	9	9	1	5	1	7	4	5	7	5	9	2	5	3	9	8	8	1	6	6	5	8	7	5	 
stage 8:	4	2	8	10	8	4	4	4	9	8	1	6	1	3	9	1	10	9	3	10	5	9	4	3	8	2	5	7	8	10	 
stage 9:	2	2	6	8	5	5	8	6	8	9	7	5	6	6	7	8	3	6	1	4	3	3	1	2	8	1	6	4	2	1	 
stage 10:	8	7	2	5	2	9	2	4	10	10	9	3	10	3	5	8	5	2	2	2	1	9	7	10	2	8	8	8	8	2	 
baseline energy consumption:
stage 1:	10	3	6	1	10	7	1	5	5	5	2	4	3	7	5	2	1	8	3	5	9	2	1	6	1	8	3	2	8	10	 
stage 2:	3	2	3	9	1	1	9	6	1	7	5	5	3	4	4	6	1	8	5	6	2	1	1	9	2	7	10	6	8	4	 
stage 3:	9	9	7	8	2	8	3	9	1	9	5	9	1	2	2	6	4	9	6	8	3	8	8	7	3	5	9	4	9	3	 
stage 4:	10	8	2	2	1	8	5	9	4	8	3	1	4	3	6	3	8	2	7	4	7	7	1	4	7	10	2	1	10	5	 
stage 5:	8	5	6	6	1	5	1	3	4	1	6	2	1	5	3	6	5	5	6	6	1	8	5	3	2	3	9	9	4	7	 
stage 6:	10	6	8	3	5	5	3	2	5	5	4	3	5	2	7	9	1	4	7	4	9	5	6	10	7	1	2	1	5	3	 
stage 7:	8	7	8	10	8	5	8	1	4	5	3	2	1	8	4	5	1	6	5	6	2	5	5	1	4	1	5	7	4	6	 
stage 8:	8	2	7	2	2	3	8	10	7	8	5	7	1	2	3	9	7	7	3	8	1	6	8	10	5	10	7	3	10	5	 
stage 9:	1	2	5	9	9	10	3	1	6	1	6	1	2	1	10	10	2	4	7	10	5	9	1	3	9	1	6	8	8	9	 
stage 10:	7	1	7	10	9	1	6	7	7	5	7	5	1	8	9	4	10	10	7	9	2	10	8	4	10	8	9	4	6	9	 
due date:	44	37	16	36	75	41	46	66	63	69	39	8	51	11	54	65	21	60	77	31	14	30	45	23	30	40	67	67	71	16	
processing speed:
stage 1:	0	1	2	3	4		
stage 2:	0	1	2				
stage 3:	0	3	4				
stage 4:	0	1	2	3	4	5	
stage 5:	0	3	4	5			
stage 6:	0	2					
stage 7:	0	2	4				
stage 8:	0	1	2	3	4	5	
stage 9:	0	2	3				
stage 10:	0	2	5				
