number of jobs:	30
number of stages:	10
number of machines:	5
baseline processing time:
stage 1:	9	4	3	3	5	3	4	5	1	2	8	5	3	9	3	8	7	4	2	5	4	7	4	3	1	10	10	2	2	8	 
stage 2:	4	5	3	6	9	5	2	6	7	3	5	6	1	7	9	8	2	2	1	9	1	3	8	2	9	5	5	4	3	4	 
stage 3:	8	3	1	7	9	8	7	4	10	5	5	10	3	2	2	10	2	8	7	2	8	1	10	5	3	2	10	10	7	7	 
stage 4:	9	1	6	3	4	9	2	6	9	8	7	6	6	4	6	10	8	4	2	9	6	3	4	10	6	10	9	5	1	8	 
stage 5:	7	2	7	8	3	3	9	5	7	3	6	10	10	1	2	8	1	9	2	4	9	8	3	2	8	5	7	3	4	3	 
stage 6:	2	2	1	2	10	2	1	10	6	7	6	1	10	1	6	10	10	7	4	9	10	2	3	9	3	6	6	7	9	4	 
stage 7:	8	1	10	9	4	2	3	1	10	7	6	10	5	3	5	5	7	10	5	7	4	2	8	10	8	8	1	1	5	8	 
stage 8:	5	5	1	9	5	2	7	4	4	6	1	9	4	8	5	5	7	10	3	4	7	7	1	9	4	5	1	1	7	10	 
stage 9:	5	1	6	1	2	3	9	8	3	3	6	2	5	6	10	7	6	10	5	2	3	3	6	5	10	9	7	6	5	10	 
stage 10:	6	7	9	6	10	6	10	5	6	10	3	1	10	6	1	1	8	8	4	3	8	5	10	7	5	1	3	8	1	6	 
baseline energy consumption:
stage 1:	8	8	7	2	10	1	1	3	4	1	6	10	10	10	8	5	3	10	10	5	10	6	6	10	2	8	6	3	7	6	 
stage 2:	10	9	3	1	7	5	9	6	9	5	6	4	4	6	10	4	4	2	6	1	4	5	9	2	8	3	9	3	6	7	 
stage 3:	5	7	4	9	4	3	2	6	8	3	4	7	9	10	4	3	3	4	6	6	8	2	2	10	8	5	8	6	10	1	 
stage 4:	2	4	7	1	8	9	6	5	7	4	3	1	1	2	2	5	10	3	2	9	10	1	2	9	3	3	4	10	5	9	 
stage 5:	1	6	2	3	8	10	8	2	4	3	2	5	6	4	9	4	1	5	5	5	4	3	5	1	4	6	9	3	7	9	 
stage 6:	7	9	9	7	5	5	2	5	9	1	10	9	5	6	5	4	7	5	3	5	6	2	7	1	9	1	10	6	1	8	 
stage 7:	5	6	3	5	10	2	9	9	1	5	1	7	4	5	7	5	9	2	5	3	9	8	8	1	6	6	5	8	7	5	 
stage 8:	4	2	8	10	8	4	4	4	9	8	1	6	1	3	9	1	10	9	3	10	5	9	4	3	8	2	5	7	8	10	 
stage 9:	2	2	6	8	5	5	8	6	8	9	7	5	6	6	7	8	3	6	1	4	3	3	1	2	8	1	6	4	2	1	 
stage 10:	8	7	2	5	2	9	2	4	10	10	9	3	10	3	5	8	5	2	2	2	1	9	7	10	2	8	8	8	8	2	 
due date:	11	57	21	36	10	22	53	51	23	38	36	40	60	59	23	18	8	62	7	46	36	10	9	25	29	31	30	43	41	46	
processing speed:
stage 1:	0	1	2	3	5		
stage 2:	0	2	4				
stage 3:	0	2	3	5			
stage 4:	0	2					
stage 5:	0	2	5				
stage 6:	0	1	4	5			
stage 7:	0	1					
stage 8:	0	1	3	5			
stage 9:	0	3					
stage 10:	0	1	2	3	4	5	
