number of jobs:	30
number of stages:	10
number of machines:	8
baseline processing time:
stage 1:	7	1	5	9	5	6	9	5	10	8	10	7	9	5	2	6	2	8	7	3	10	5	3	3	5	3	6	7	1	9	 
stage 2:	8	7	10	4	9	8	5	1	1	10	5	10	8	4	10	7	9	6	7	10	3	9	8	3	10	10	9	6	9	5	 
stage 3:	8	10	4	9	9	7	5	4	6	8	10	4	9	1	3	4	1	7	7	4	6	2	9	10	10	9	10	2	8	10	 
stage 4:	2	4	2	2	2	6	1	8	1	6	9	10	1	7	4	10	7	9	4	8	2	3	6	3	5	7	10	4	10	7	 
stage 5:	3	7	1	6	1	2	6	3	5	1	9	10	3	1	3	5	1	1	4	5	7	1	7	2	1	1	7	4	4	1	 
stage 6:	7	4	8	10	10	2	3	9	9	4	4	1	3	1	1	10	2	6	5	4	5	10	4	8	9	3	1	8	3	1	 
stage 7:	4	4	3	10	4	8	8	2	3	8	6	9	7	4	9	4	4	3	2	8	3	8	10	4	8	10	9	2	9	8	 
stage 8:	9	3	8	2	1	3	7	6	6	7	3	8	2	2	7	4	2	8	9	7	7	4	2	4	9	4	6	3	4	8	 
stage 9:	10	10	1	8	7	7	2	3	8	8	9	8	2	2	8	10	6	2	4	1	7	3	7	10	9	1	9	8	4	9	 
stage 10:	9	1	3	6	6	8	9	5	5	8	3	3	10	6	2	10	9	6	6	4	2	9	4	2	6	3	9	1	10	4	 
baseline energy consumption:
stage 1:	10	2	10	7	6	7	5	1	3	5	7	6	3	8	2	3	9	5	10	2	5	8	2	4	4	10	2	10	4	1	 
stage 2:	7	5	8	10	4	4	9	4	9	9	9	5	2	2	5	4	5	9	7	1	8	7	4	9	1	7	8	10	2	10	 
stage 3:	7	3	8	1	8	6	3	4	10	1	4	9	10	5	5	3	4	2	10	8	6	5	1	7	10	8	9	2	2	3	 
stage 4:	5	5	7	6	9	1	2	8	10	2	6	3	3	8	8	8	4	4	10	6	2	9	8	2	7	3	4	1	1	9	 
stage 5:	8	7	5	10	10	10	8	8	6	2	4	7	8	6	7	6	7	3	10	7	6	9	7	6	7	10	9	6	6	9	 
stage 6:	1	7	8	1	4	3	6	5	4	7	9	6	3	8	8	1	5	5	4	6	10	9	4	9	6	8	2	7	4	4	 
stage 7:	2	4	1	6	10	9	3	10	1	1	7	5	1	10	9	6	5	8	9	9	9	6	10	8	5	10	9	4	2	3	 
stage 8:	5	4	7	5	2	10	8	4	9	9	3	1	4	8	6	6	4	7	3	3	5	3	2	7	6	3	7	10	4	6	 
stage 9:	6	10	3	3	3	6	5	9	6	5	1	8	7	3	6	2	3	3	10	9	8	1	3	9	3	8	3	2	3	4	 
stage 10:	10	6	5	10	6	8	2	10	6	2	1	10	7	7	2	8	6	10	8	7	5	6	5	9	1	7	6	8	4	9	 
due date:	52	18	22	48	6	55	51	23	22	52	6	10	40	35	20	15	22	35	48	59	38	38	25	41	21	12	29	41	42	52	
processing speed:
stage 1:	0	4					
stage 2:	0	5					
stage 3:	0	1					
stage 4:	0	2	3	5			
stage 5:	0	1	2	3	4	5	
stage 6:	0	1	2	3	4	5	
stage 7:	0	1	2	3	5		
stage 8:	0	1	2	5			
stage 9:	0	1	2	5			
stage 10:	0	4	5				
