number of jobs:	30
number of stages:	10
number of machines:	8
baseline processing time:
stage 1:	7	9	10	1	9	3	8	7	6	9	4	9	2	6	8	2	6	2	8	7	4	10	1	9	5	8	5	2	6	4	 
stage 2:	4	3	8	6	8	5	6	3	2	1	7	6	9	7	2	2	8	1	3	7	3	6	10	6	1	1	7	3	8	1	 
stage 3:	4	3	3	1	3	4	1	7	5	4	6	6	3	3	1	10	8	4	2	5	3	10	1	6	5	1	4	7	6	1	 
stage 4:	5	10	1	6	5	8	9	4	6	10	4	10	3	2	3	5	2	2	3	4	4	10	3	9	8	8	7	8	8	8	 
stage 5:	9	6	7	4	9	8	2	2	2	9	8	7	5	7	9	9	3	5	5	3	3	6	10	7	10	10	10	3	10	2	 
stage 6:	3	8	6	6	9	4	10	5	9	6	6	1	9	4	4	3	7	7	8	4	5	7	7	8	10	7	10	4	3	10	 
stage 7:	4	1	10	4	2	3	1	7	8	4	7	10	5	2	9	3	1	4	7	1	9	1	4	1	2	9	8	8	1	2	 
stage 8:	5	7	9	5	5	6	6	2	2	1	3	1	5	1	6	8	1	9	6	1	6	7	6	8	3	2	4	8	4	5	 
stage 9:	5	1	6	1	4	1	2	7	7	6	4	4	7	6	1	10	9	3	9	10	2	1	4	10	10	9	7	6	6	8	 
stage 10:	5	10	9	3	2	4	8	6	5	5	9	1	3	6	8	6	3	4	2	1	6	5	2	9	1	4	1	10	9	6	 
baseline energy consumption:
stage 1:	1	7	5	9	4	8	2	8	10	6	4	3	9	10	4	4	5	2	8	3	6	2	10	6	5	4	9	9	6	3	 
stage 2:	7	8	5	6	9	6	7	9	9	8	4	6	5	8	7	7	5	5	5	10	6	10	8	1	9	8	9	3	7	4	 
stage 3:	7	8	2	9	9	7	6	5	9	5	2	10	1	6	9	10	10	5	3	6	5	2	3	2	7	9	4	7	5	9	 
stage 4:	8	9	9	10	4	2	4	6	6	1	9	10	7	10	1	9	2	5	6	1	3	9	7	3	10	6	10	5	9	5	 
stage 5:	6	5	8	2	6	8	7	9	9	8	5	1	6	10	4	3	8	9	8	6	4	8	5	2	2	1	1	1	4	9	 
stage 6:	7	2	3	2	6	2	6	4	4	5	8	6	1	7	2	8	4	3	6	6	1	4	7	3	5	1	9	6	7	5	 
stage 7:	3	9	8	5	9	3	8	5	10	7	1	2	3	9	1	5	6	7	3	4	6	2	10	10	6	1	10	8	5	6	 
stage 8:	3	5	4	2	5	10	7	2	2	4	8	9	3	8	6	6	4	10	5	6	6	10	3	2	2	3	8	8	5	8	 
stage 9:	1	2	9	6	4	8	6	4	10	10	6	7	1	3	9	4	7	6	4	2	5	10	8	2	6	8	8	3	2	3	 
stage 10:	5	4	6	7	4	4	4	8	6	8	3	9	5	9	4	10	3	7	6	4	1	9	6	3	2	5	8	6	3	8	 
due date:	8	62	14	50	61	14	26	61	38	42	37	39	18	33	50	26	38	32	22	50	9	26	59	21	17	64	11	21	26	40	
processing speed:
stage 1:	0	1	2	3	4	5	
stage 2:	0	4					
stage 3:	0	3	4				
stage 4:	0	2	3	4	5		
stage 5:	0	3					
stage 6:	0	4	5				
stage 7:	0	2	4				
stage 8:	0	3	4	5			
stage 9:	0	2	3	5			
stage 10:	0	2	3	4			
