number of jobs:	30
number of stages:	10
number of machines:	8
baseline processing time:
stage 1:	10	3	6	1	10	7	1	5	5	5	2	4	3	7	5	2	1	8	3	5	9	2	1	6	1	8	3	2	8	10	 
stage 2:	3	2	3	9	1	1	9	6	1	7	5	5	3	4	4	6	1	8	5	6	2	1	1	9	2	7	10	6	8	4	 
stage 3:	9	9	7	8	2	8	3	9	1	9	5	9	1	2	2	6	4	9	6	8	3	8	8	7	3	5	9	4	9	3	 
stage 4:	10	8	2	2	1	8	5	9	4	8	3	1	4	3	6	3	8	2	7	4	7	7	1	4	7	10	2	1	10	5	 
stage 5:	8	5	6	6	1	5	1	3	4	1	6	2	1	5	3	6	5	5	6	6	1	8	5	3	2	3	9	9	4	7	 
stage 6:	10	6	8	3	5	5	3	2	5	5	4	3	5	2	7	9	1	4	7	4	9	5	6	10	7	1	2	1	5	3	 
stage 7:	8	7	8	10	8	5	8	1	4	5	3	2	1	8	4	5	1	6	5	6	2	5	5	1	4	1	5	7	4	6	 
stage 8:	8	2	7	2	2	3	8	10	7	8	5	7	1	2	3	9	7	7	3	8	1	6	8	10	5	10	7	3	10	5	 
stage 9:	1	2	5	9	9	10	3	1	6	1	6	1	2	1	10	10	2	4	7	10	5	9	1	3	9	1	6	8	8	9	 
stage 10:	7	1	7	10	9	1	6	7	7	5	7	5	1	8	9	4	10	10	7	9	2	10	8	4	10	8	9	4	6	9	 
baseline energy consumption:
stage 1:	7	3	7	4	3	4	6	5	2	10	1	9	7	3	5	5	3	10	6	1	2	4	10	9	6	4	8	2	4	5	 
stage 2:	5	6	1	10	8	10	5	1	4	8	4	5	4	2	6	3	4	7	3	6	4	10	9	9	2	1	5	4	2	9	 
stage 3:	4	4	3	4	7	7	2	7	6	4	7	4	9	4	2	8	8	2	4	3	3	4	1	8	6	6	9	1	8	6	 
stage 4:	9	10	7	10	5	2	5	1	3	7	7	1	4	5	9	3	5	2	3	7	9	1	10	6	6	6	6	9	1	7	 
stage 5:	1	9	2	5	7	2	10	7	4	8	3	7	2	2	9	2	1	9	2	3	5	10	10	8	4	6	3	8	10	8	 
stage 6:	3	5	8	2	7	9	5	9	5	4	5	7	2	1	10	7	1	8	6	1	3	9	1	3	9	3	5	7	6	7	 
stage 7:	9	3	5	3	6	9	6	2	9	5	8	9	9	6	10	6	8	8	4	2	8	3	2	7	4	6	8	3	5	8	 
stage 8:	2	4	5	2	1	7	9	8	9	2	3	1	5	1	9	9	1	1	7	8	6	4	7	3	8	4	10	5	2	1	 
stage 9:	9	7	4	2	10	9	8	10	10	3	2	5	2	1	7	9	1	9	10	8	10	1	7	5	4	7	10	6	10	1	 
stage 10:	5	2	5	10	5	9	9	4	2	2	7	7	4	4	3	2	1	4	4	1	9	3	4	5	5	8	6	8	6	1	 
due date:	29	35	36	32	23	19	21	18	37	35	26	29	22	19	34	30	31	31	30	35	33	35	33	34	28	23	34	31	23	37	
processing speed:
stage 1:	0	2					
stage 2:	0	1	2	3	4	5	
stage 3:	0	1	2	3	4	5	
stage 4:	0	1	2	3	4	5	
stage 5:	0	1					
stage 6:	0	1	2	3	5		
stage 7:	0	2	3	4	5		
stage 8:	0	3					
stage 9:	0	5					
stage 10:	0	3					
