number of jobs:	30
number of stages:	10
number of machines:	8
baseline processing time:
stage 1:	9	3	2	5	7	7	5	3	8	4	1	1	2	7	1	5	9	6	4	4	3	2	7	9	6	1	1	1	9	8	 
stage 2:	8	7	2	4	2	1	5	10	10	1	3	5	5	6	2	6	8	2	7	2	6	10	4	9	2	7	7	1	6	2	 
stage 3:	1	4	3	7	3	4	10	7	2	1	10	2	10	2	6	9	3	2	4	7	9	7	1	4	7	4	9	4	3	10	 
stage 4:	2	1	3	9	8	5	7	6	5	7	6	3	10	6	2	1	7	9	6	1	9	10	6	8	9	9	9	6	1	4	 
stage 5:	1	2	6	7	4	7	1	9	6	9	10	3	9	8	9	10	4	10	2	8	9	2	1	10	6	3	7	8	5	6	 
stage 6:	3	4	7	5	2	5	7	2	2	5	4	9	8	4	6	7	3	2	7	4	7	9	1	7	7	5	2	9	10	5	 
stage 7:	7	6	6	10	3	4	4	5	6	1	3	1	7	5	1	7	6	5	9	1	9	3	6	6	6	4	7	9	4	10	 
stage 8:	10	10	8	1	2	8	1	3	3	4	8	8	1	10	1	1	2	2	1	7	8	2	3	5	8	6	5	5	8	9	 
stage 9:	10	8	5	5	4	8	4	5	5	1	4	8	1	10	4	2	10	3	7	5	2	1	3	7	10	9	4	2	4	10	 
stage 10:	1	5	2	2	3	9	3	7	4	8	5	3	5	1	7	6	8	6	8	2	9	1	5	3	9	2	9	1	8	9	 
baseline energy consumption:
stage 1:	7	9	10	1	9	3	8	7	6	9	4	9	2	6	8	2	6	2	8	7	4	10	1	9	5	8	5	2	6	4	 
stage 2:	4	3	8	6	8	5	6	3	2	1	7	6	9	7	2	2	8	1	3	7	3	6	10	6	1	1	7	3	8	1	 
stage 3:	4	3	3	1	3	4	1	7	5	4	6	6	3	3	1	10	8	4	2	5	3	10	1	6	5	1	4	7	6	1	 
stage 4:	5	10	1	6	5	8	9	4	6	10	4	10	3	2	3	5	2	2	3	4	4	10	3	9	8	8	7	8	8	8	 
stage 5:	9	6	7	4	9	8	2	2	2	9	8	7	5	7	9	9	3	5	5	3	3	6	10	7	10	10	10	3	10	2	 
stage 6:	3	8	6	6	9	4	10	5	9	6	6	1	9	4	4	3	7	7	8	4	5	7	7	8	10	7	10	4	3	10	 
stage 7:	4	1	10	4	2	3	1	7	8	4	7	10	5	2	9	3	1	4	7	1	9	1	4	1	2	9	8	8	1	2	 
stage 8:	5	7	9	5	5	6	6	2	2	1	3	1	5	1	6	8	1	9	6	1	6	7	6	8	3	2	4	8	4	5	 
stage 9:	5	1	6	1	4	1	2	7	7	6	4	4	7	6	1	10	9	3	9	10	2	1	4	10	10	9	7	6	6	8	 
stage 10:	5	10	9	3	2	4	8	6	5	5	9	1	3	6	8	6	3	4	2	1	6	5	2	9	1	4	1	10	9	6	 
due date:	12	41	33	24	36	31	43	39	33	22	42	50	30	32	47	21	27	11	23	44	54	49	49	32	46	22	52	11	52	31	
processing speed:
stage 1:	0	2	3	4	5		
stage 2:	0	1	2	3	4	5	
stage 3:	0	1					
stage 4:	0	1	2	3	5		
stage 5:	0	2	3	5			
stage 6:	0	1	2	3	4	5	
stage 7:	0	2	3	4	5		
stage 8:	0	1	3	4			
stage 9:	0	1	2	3	4	5	
stage 10:	0	1	3	4			
