number of jobs:	30
number of stages:	10
number of machines:	8
baseline processing time:
stage 1:	1	7	5	9	4	8	2	8	10	6	4	3	9	10	4	4	5	2	8	3	6	2	10	6	5	4	9	9	6	3	 
stage 2:	7	8	5	6	9	6	7	9	9	8	4	6	5	8	7	7	5	5	5	10	6	10	8	1	9	8	9	3	7	4	 
stage 3:	7	8	2	9	9	7	6	5	9	5	2	10	1	6	9	10	10	5	3	6	5	2	3	2	7	9	4	7	5	9	 
stage 4:	8	9	9	10	4	2	4	6	6	1	9	10	7	10	1	9	2	5	6	1	3	9	7	3	10	6	10	5	9	5	 
stage 5:	6	5	8	2	6	8	7	9	9	8	5	1	6	10	4	3	8	9	8	6	4	8	5	2	2	1	1	1	4	9	 
stage 6:	7	2	3	2	6	2	6	4	4	5	8	6	1	7	2	8	4	3	6	6	1	4	7	3	5	1	9	6	7	5	 
stage 7:	3	9	8	5	9	3	8	5	10	7	1	2	3	9	1	5	6	7	3	4	6	2	10	10	6	1	10	8	5	6	 
stage 8:	3	5	4	2	5	10	7	2	2	4	8	9	3	8	6	6	4	10	5	6	6	10	3	2	2	3	8	8	5	8	 
stage 9:	1	2	9	6	4	8	6	4	10	10	6	7	1	3	9	4	7	6	4	2	5	10	8	2	6	8	8	3	2	3	 
stage 10:	5	4	6	7	4	4	4	8	6	8	3	9	5	9	4	10	3	7	6	4	1	9	6	3	2	5	8	6	3	8	 
baseline energy consumption:
stage 1:	3	6	2	4	10	3	1	6	1	5	10	7	7	6	5	7	9	8	5	6	3	7	7	5	4	5	5	4	10	4	 
stage 2:	7	5	5	8	5	6	10	6	4	3	8	2	6	2	6	8	4	1	4	6	8	8	10	6	8	6	2	3	2	7	 
stage 3:	10	3	7	4	2	8	2	3	10	2	7	8	8	4	8	2	4	4	8	3	1	7	2	5	1	8	7	3	1	7	 
stage 4:	10	6	7	2	5	1	8	5	3	2	5	3	4	5	5	7	4	9	3	1	5	4	8	10	8	3	10	3	9	3	 
stage 5:	9	2	8	6	2	6	10	8	2	2	7	1	2	3	7	7	3	2	7	7	3	7	3	6	3	6	8	9	1	4	 
stage 6:	8	9	1	7	5	10	2	4	10	3	7	1	10	6	1	5	10	6	10	9	5	8	9	5	5	7	10	1	10	3	 
stage 7:	5	10	3	7	10	6	4	6	1	6	2	1	3	9	2	9	1	4	8	8	9	6	8	4	1	7	2	5	8	7	 
stage 8:	3	8	5	4	8	3	10	5	3	1	6	9	8	4	5	1	3	7	7	9	5	4	4	5	4	7	10	10	3	8	 
stage 9:	6	5	2	2	1	9	6	3	4	2	8	9	3	1	10	5	8	9	7	7	7	9	2	6	2	9	2	4	9	2	 
stage 10:	5	3	10	8	1	7	7	8	6	9	8	8	10	9	4	2	1	2	6	10	5	8	10	9	5	3	8	9	4	5	 
due date:	37	32	42	26	27	34	24	35	41	24	30	30	40	41	30	23	32	43	33	36	28	24	43	40	35	39	32	28	43	34	
processing speed:
stage 1:	0	1	2	3	4	5	
stage 2:	0	1	2	4	5		
stage 3:	0	4					
stage 4:	0	1	2	3	4	5	
stage 5:	0	1	2	3	4	5	
stage 6:	0	1	2	5			
stage 7:	0	2					
stage 8:	0	1	3	4	5		
stage 9:	0	2	3				
stage 10:	0	4					
