number of jobs:	30
number of stages:	10
number of machines:	5
baseline processing time:
stage 1:	5	10	8	4	6	6	3	8	2	1	3	2	10	10	10	10	7	1	1	1	10	4	10	8	9	10	4	2	2	4	 
stage 2:	7	7	8	2	3	4	5	2	7	6	3	8	2	9	1	10	1	4	10	2	1	7	4	5	7	7	7	3	4	6	 
stage 3:	7	5	9	7	1	9	5	3	1	8	3	1	4	1	3	3	3	3	8	4	10	7	7	4	3	9	6	9	1	7	 
stage 4:	9	8	4	1	4	10	7	4	1	10	5	2	8	5	10	3	7	3	4	5	10	2	10	9	6	1	10	1	8	3	 
stage 5:	4	4	3	9	1	2	5	8	2	3	8	2	1	8	3	4	4	5	2	3	3	4	6	7	6	3	3	3	5	9	 
stage 6:	4	2	9	10	10	5	7	10	6	10	8	2	5	3	9	7	1	7	10	1	2	1	10	3	8	9	4	2	10	5	 
stage 7:	10	8	2	1	5	5	3	6	4	7	7	9	5	5	4	3	6	5	8	10	7	1	3	1	3	9	4	3	7	6	 
stage 8:	5	2	5	8	1	8	7	6	2	8	7	10	1	1	2	6	9	3	7	5	6	9	3	10	5	1	3	10	3	4	 
stage 9:	7	8	4	5	3	8	7	6	5	1	1	4	1	8	6	8	3	7	3	7	9	10	7	8	10	5	4	5	1	6	 
stage 10:	8	5	8	3	3	2	6	2	10	10	9	1	5	6	7	2	1	6	8	10	7	5	3	1	7	9	8	7	6	7	 
baseline energy consumption:
stage 1:	7	8	2	3	7	1	5	5	3	4	2	9	8	5	9	2	3	8	3	4	1	4	8	9	1	4	5	3	7	8	 
stage 2:	3	3	4	9	4	6	6	3	3	1	10	3	7	5	5	2	1	6	1	4	7	6	5	5	7	6	8	10	8	8	 
stage 3:	7	6	6	7	8	6	8	2	4	1	6	6	6	5	4	10	2	1	9	2	1	9	8	7	1	9	7	10	2	6	 
stage 4:	8	8	5	8	10	9	2	1	4	6	2	1	3	9	8	3	2	4	7	10	1	7	2	6	3	7	6	7	9	5	 
stage 5:	9	7	1	4	3	2	5	6	3	5	2	3	3	8	2	9	5	1	8	8	9	6	10	7	1	9	5	9	3	2	 
stage 6:	4	4	4	10	1	5	9	10	2	2	3	6	2	7	10	10	2	5	1	8	3	1	2	7	10	1	4	9	1	10	 
stage 7:	5	6	8	4	1	5	8	2	3	1	2	5	8	8	9	5	3	6	6	10	7	7	7	1	10	2	8	9	1	4	 
stage 8:	8	5	10	5	6	2	3	4	6	2	6	8	5	8	7	10	3	5	10	10	4	1	1	6	10	10	4	10	4	9	 
stage 9:	4	8	4	4	8	9	3	10	6	9	10	4	7	9	8	2	8	5	1	4	4	2	6	5	9	6	3	6	2	2	 
stage 10:	4	8	4	3	9	1	3	2	4	5	7	8	5	6	4	3	6	1	2	1	6	4	8	4	6	2	9	2	1	5	 
due date:	38	34	18	37	48	50	58	26	43	47	55	21	62	28	35	40	32	26	39	16	17	17	52	28	62	38	62	44	36	49	
processing speed:
stage 1:	0	1	2	3	4	5	
stage 2:	0	1	2	3	4		
stage 3:	0	3					
stage 4:	0	4					
stage 5:	0	4	5				
stage 6:	0	2	5				
stage 7:	0	3					
stage 8:	0	3					
stage 9:	0	1	2	3	4	5	
stage 10:	0	1	2	4	5		
