number of jobs:	30
number of stages:	10
number of machines:	5
baseline processing time:
stage 1:	7	3	5	1	1	7	10	5	3	10	2	3	7	9	7	6	5	4	6	7	4	3	9	4	8	1	2	1	7	2	 
stage 2:	10	9	3	4	1	9	5	10	7	8	3	4	6	2	10	10	8	5	7	9	9	8	5	2	6	10	5	10	9	1	 
stage 3:	7	6	10	10	7	6	9	8	7	3	6	3	4	7	2	10	2	10	4	4	3	9	4	8	1	7	6	1	2	6	 
stage 4:	4	5	2	4	8	6	9	2	1	9	3	6	9	7	4	2	9	7	10	5	5	7	6	3	3	10	1	9	2	1	 
stage 5:	4	3	4	3	3	7	2	2	6	4	9	1	4	9	7	2	8	7	3	5	6	6	6	2	9	3	3	2	7	10	 
stage 6:	3	1	8	7	1	7	2	8	1	7	10	4	3	9	1	6	2	9	3	3	10	5	7	10	1	8	7	7	5	9	 
stage 7:	4	8	3	8	10	1	1	3	6	3	3	9	10	5	7	5	4	10	8	4	5	4	3	5	10	2	1	5	7	3	 
stage 8:	10	7	7	6	10	4	9	2	4	6	6	7	8	2	5	5	7	5	5	5	2	7	6	7	4	5	10	10	7	7	 
stage 9:	10	8	8	2	7	1	10	10	4	8	2	8	10	5	1	5	10	4	8	4	7	9	1	1	5	8	6	10	8	8	 
stage 10:	9	6	8	8	2	7	9	1	1	4	4	2	10	7	1	6	4	6	9	3	9	6	4	3	10	5	3	8	3	6	 
baseline energy consumption:
stage 1:	9	4	3	3	5	3	4	5	1	2	8	5	3	9	3	8	7	4	2	5	4	7	4	3	1	10	10	2	2	8	 
stage 2:	4	5	3	6	9	5	2	6	7	3	5	6	1	7	9	8	2	2	1	9	1	3	8	2	9	5	5	4	3	4	 
stage 3:	8	3	1	7	9	8	7	4	10	5	5	10	3	2	2	10	2	8	7	2	8	1	10	5	3	2	10	10	7	7	 
stage 4:	9	1	6	3	4	9	2	6	9	8	7	6	6	4	6	10	8	4	2	9	6	3	4	10	6	10	9	5	1	8	 
stage 5:	7	2	7	8	3	3	9	5	7	3	6	10	10	1	2	8	1	9	2	4	9	8	3	2	8	5	7	3	4	3	 
stage 6:	2	2	1	2	10	2	1	10	6	7	6	1	10	1	6	10	10	7	4	9	10	2	3	9	3	6	6	7	9	4	 
stage 7:	8	1	10	9	4	2	3	1	10	7	6	10	5	3	5	5	7	10	5	7	4	2	8	10	8	8	1	1	5	8	 
stage 8:	5	5	1	9	5	2	7	4	4	6	1	9	4	8	5	5	7	10	3	4	7	7	1	9	4	5	1	1	7	10	 
stage 9:	5	1	6	1	2	3	9	8	3	3	6	2	5	6	10	7	6	10	5	2	3	3	6	5	10	9	7	6	5	10	 
stage 10:	6	7	9	6	10	6	10	5	6	10	3	1	10	6	1	1	8	8	4	3	8	5	10	7	5	1	3	8	1	6	 
due date:	50	59	41	34	30	49	41	40	32	53	52	54	49	39	45	55	45	33	35	48	47	37	38	50	34	53	35	50	47	34	
processing speed:
stage 1:	0	2	4	5			
stage 2:	0	1	2	4	5		
stage 3:	0	5					
stage 4:	0	2	4				
stage 5:	0	1	5				
stage 6:	0	1	2	4	5		
stage 7:	0	2	3	4			
stage 8:	0	1					
stage 9:	0	2	4				
stage 10:	0	2	3	4	5		
