number of jobs:	30
number of stages:	10
number of machines:	5
baseline processing time:
stage 1:	6	6	6	7	1	8	3	8	9	3	3	6	5	6	10	3	5	4	3	6	8	1	4	3	8	10	8	6	3	8	 
stage 2:	6	5	8	5	6	9	2	5	5	2	3	9	1	6	6	7	10	4	4	9	10	5	8	7	10	7	7	3	4	9	 
stage 3:	9	4	5	2	8	1	9	5	3	1	6	6	2	7	3	10	6	2	4	1	10	2	5	9	10	6	6	8	3	9	 
stage 4:	8	7	2	7	6	5	10	4	7	7	4	9	7	8	7	10	1	2	9	3	3	9	6	6	8	8	4	6	7	4	 
stage 5:	2	3	7	2	5	7	9	9	1	9	4	1	9	6	1	3	3	9	3	9	5	1	10	5	10	5	4	2	8	2	 
stage 6:	2	3	9	3	9	4	3	6	1	3	1	3	5	1	6	10	4	3	3	8	2	10	5	7	9	4	2	10	3	6	 
stage 7:	3	1	8	8	9	8	5	5	7	5	9	2	7	8	5	1	4	5	2	4	2	6	9	5	5	6	6	4	4	4	 
stage 8:	3	3	4	9	5	9	3	10	6	9	10	8	1	8	1	4	3	10	9	9	9	3	1	3	6	7	5	8	9	1	 
stage 9:	1	1	1	3	3	9	6	10	6	7	2	4	4	6	6	5	7	4	4	2	1	3	5	9	9	9	2	10	5	6	 
stage 10:	3	8	3	2	3	2	2	2	5	10	9	2	5	7	6	5	4	3	2	8	7	2	3	6	2	7	10	6	8	10	 
baseline energy consumption:
stage 1:	7	5	3	5	2	5	9	1	3	2	3	7	2	8	6	2	6	9	8	7	3	7	10	1	8	8	3	2	4	8	 
stage 2:	6	9	3	7	9	7	10	10	7	1	8	1	2	9	7	5	4	9	9	3	9	1	7	1	3	5	10	6	7	1	 
stage 3:	5	6	10	9	3	4	10	4	4	8	10	4	1	5	1	10	1	3	4	5	6	2	5	10	8	2	10	7	2	10	 
stage 4:	5	3	1	8	6	5	8	8	6	5	6	1	8	5	8	6	9	7	3	2	7	1	5	10	9	9	2	2	4	6	 
stage 5:	7	5	8	9	2	7	6	6	8	9	2	1	6	3	5	10	1	2	4	6	5	10	5	3	4	4	9	7	3	6	 
stage 6:	10	8	2	1	2	1	3	7	3	6	1	9	4	4	8	4	6	7	6	6	10	3	7	2	6	3	5	9	5	4	 
stage 7:	8	9	6	9	4	8	9	1	3	4	7	3	1	8	8	9	4	1	5	8	8	4	7	6	2	10	1	9	9	4	 
stage 8:	8	10	10	10	10	5	7	2	7	6	4	3	1	5	6	5	8	2	3	2	4	8	4	8	2	2	7	5	10	1	 
stage 9:	3	5	2	10	10	8	6	5	3	10	9	3	4	8	8	3	2	6	8	1	8	9	2	10	1	9	4	5	5	4	 
stage 10:	10	4	1	2	5	10	7	2	3	9	4	9	10	3	3	2	5	8	9	1	3	5	4	1	7	3	1	5	2	3	 
due date:	53	45	50	53	52	48	49	43	37	27	54	48	50	27	44	43	35	51	45	30	43	46	52	47	31	33	45	32	43	51	
processing speed:
stage 1:	0	1	2	3	5		
stage 2:	0	2	4	5			
stage 3:	0	1	3	4	5		
stage 4:	0	1	3	4	5		
stage 5:	0	5					
stage 6:	0	1	2	3	4		
stage 7:	0	1	2	3	4	5	
stage 8:	0	5					
stage 9:	0	1	2	3	4	5	
stage 10:	0	3	4	5			
