number of jobs:	30
number of stages:	5
number of machines:	8
baseline processing time:
stage 1:	9	5	3	1	2	10	10	10	2	9	8	2	6	8	6	4	3	4	6	9	8	10	1	4	4	4	5	8	7	9	 
stage 2:	5	10	2	1	6	8	6	7	7	4	4	4	7	8	3	1	8	4	9	3	6	9	4	5	10	4	2	3	2	10	 
stage 3:	8	9	6	9	7	2	5	5	3	6	3	7	3	4	10	9	4	3	7	4	3	8	5	8	1	9	8	10	1	9	 
stage 4:	1	7	8	2	1	1	4	6	4	7	9	6	1	9	9	10	1	3	1	7	6	4	8	9	3	7	8	3	6	1	 
stage 5:	9	7	2	5	4	10	10	8	7	7	1	6	3	6	5	4	7	6	10	1	5	8	10	6	3	10	10	9	10	4	 
baseline energy consumption:
stage 1:	7	7	1	4	5	8	9	10	5	10	6	2	9	3	5	9	10	9	8	4	10	4	7	1	9	3	5	1	2	1	 
stage 2:	8	4	7	4	10	3	4	10	9	4	8	8	5	8	1	2	1	3	10	8	5	6	10	9	8	7	4	4	10	9	 
stage 3:	8	9	10	3	4	8	9	2	9	1	7	3	5	7	4	6	6	6	8	7	10	3	4	8	9	2	1	2	3	7	 
stage 4:	2	10	4	10	2	1	2	8	2	7	6	7	1	2	8	3	1	8	6	8	9	9	10	8	1	2	7	2	4	8	 
stage 5:	3	9	7	1	1	3	6	6	1	6	2	8	6	9	3	5	5	5	1	8	9	3	10	3	3	10	1	6	3	2	 
due date:	29	26	25	21	27	16	16	22	24	30	17	22	18	22	24	25	20	20	29	23	30	27	26	25	22	27	16	25	18	21	
processing speed:
stage 1:	0	1	2	3	4	5	
stage 2:	0	2	4				
stage 3:	0	1	2	3	4	5	
stage 4:	0	2	4				
stage 5:	0	3	4	5			
