number of jobs:	30
number of stages:	5
number of machines:	5
baseline processing time:
stage 1:	9	2	4	2	3	1	3	2	5	10	3	2	4	1	5	10	1	6	2	7	8	6	5	1	3	10	9	1	3	6	 
stage 2:	4	8	5	1	3	10	6	9	9	4	5	2	2	3	6	1	7	10	3	7	5	6	6	10	1	5	7	3	9	5	 
stage 3:	8	5	3	5	1	1	7	9	9	5	8	2	7	7	4	4	10	4	5	6	5	1	10	9	3	4	2	8	2	5	 
stage 4:	9	5	1	1	6	6	3	1	4	2	9	3	2	9	6	8	9	3	8	3	7	6	6	2	6	5	4	6	6	10	 
stage 5:	7	6	2	7	7	9	8	6	3	10	3	6	9	10	5	5	7	6	3	10	6	3	10	1	10	10	1	6	2	1	 
baseline energy consumption:
stage 1:	8	7	8	9	7	9	2	7	10	5	1	5	1	2	3	5	4	9	1	1	6	10	10	9	10	5	10	6	8	5	 
stage 2:	10	5	9	6	3	3	1	5	7	10	5	2	9	9	6	9	9	1	5	5	6	1	4	7	4	4	6	5	10	7	 
stage 3:	5	4	7	2	4	8	9	10	4	8	3	4	2	4	6	4	8	9	3	8	4	1	7	6	9	1	10	3	4	9	 
stage 4:	2	2	4	2	7	6	1	8	8	5	9	5	6	8	5	6	7	8	4	9	3	7	1	5	1	6	2	6	2	7	 
stage 5:	1	8	6	7	2	2	3	5	8	2	10	9	8	2	2	4	4	10	3	10	2	9	5	3	6	10	4	3	9	5	 
due date:	35	21	33	36	32	35	31	33	19	30	22	21	34	32	26	28	29	20	20	18	29	22	30	20	28	32	31	30	26	30	
processing speed:
stage 1:	0	1	2	3	5		
stage 2:	0	2	4				
stage 3:	0	2	3	5			
stage 4:	0	2					
stage 5:	0	2	5				
