number of jobs:	30
number of stages:	5
number of machines:	5
baseline processing time:
stage 1:	8	2	8	8	3	6	3	9	7	4	10	1	8	4	7	4	4	8	8	7	2	10	6	10	7	1	7	5	1	4	 
stage 2:	8	6	6	8	1	6	1	3	5	7	1	8	8	8	3	10	2	4	3	5	7	10	1	7	4	8	7	5	5	10	 
stage 3:	9	4	6	7	7	10	8	3	8	3	9	2	7	5	2	4	10	2	8	8	6	9	3	7	6	8	2	8	7	7	 
stage 4:	10	10	7	10	6	10	9	1	2	5	2	1	6	8	4	7	9	7	10	10	7	2	1	9	8	1	6	7	7	2	 
stage 5:	4	2	6	6	5	10	9	3	3	4	2	7	10	8	3	10	3	4	10	7	6	6	9	4	7	3	10	8	9	3	 
baseline energy consumption:
stage 1:	5	4	10	2	8	9	4	10	6	10	6	5	3	7	8	10	2	6	1	10	3	8	2	2	10	5	10	3	10	9	 
stage 2:	7	10	7	8	8	2	2	1	3	5	4	5	5	3	2	6	7	4	6	7	3	7	8	9	2	5	9	5	1	4	 
stage 3:	7	5	5	2	9	5	7	8	1	1	9	8	5	7	3	6	1	2	8	8	3	7	1	10	4	1	1	1	3	2	 
stage 4:	9	7	8	8	4	4	1	5	4	3	10	8	7	7	4	6	1	5	10	1	5	1	2	4	8	1	5	8	10	6	 
stage 5:	4	8	4	5	3	8	9	3	1	3	2	2	5	6	8	2	2	10	3	10	8	9	2	1	1	5	8	6	3	7	 
due date:	33	25	33	35	37	26	28	35	26	26	35	24	31	35	32	26	30	29	34	35	23	26	30	29	21	27	34	38	26	26	
processing speed:
stage 1:	0	1	3				
stage 2:	0	2	5				
stage 3:	0	1	2	3	5		
stage 4:	0	2	3	4			
stage 5:	0	3					
