number of jobs:	30
number of stages:	5
number of machines:	5
baseline processing time:
stage 1:	3	2	7	7	10	6	7	2	5	10	4	3	9	5	8	3	10	1	8	9	5	9	2	10	7	4	1	9	7	10	 
stage 2:	5	1	7	5	2	10	5	6	6	3	8	7	7	9	3	2	10	8	5	2	2	4	2	5	7	1	7	8	5	4	 
stage 3:	7	10	4	2	3	1	5	7	5	3	6	2	9	3	9	7	10	10	5	8	2	10	1	3	2	6	5	6	6	3	 
stage 4:	8	8	1	6	1	3	1	8	7	9	9	3	4	1	7	5	6	2	10	7	3	4	9	3	4	1	6	9	10	10	 
stage 5:	1	2	5	10	4	6	6	7	8	1	2	3	3	1	9	4	5	2	6	10	1	9	9	9	10	8	1	10	9	2	 
baseline energy consumption:
stage 1:	6	2	6	3	6	9	7	3	1	9	8	4	3	3	8	6	9	1	3	3	3	1	6	3	5	5	6	1	10	6	 
stage 2:	6	3	5	1	8	8	5	8	6	9	9	8	2	5	5	5	5	7	2	5	3	9	9	2	1	7	6	8	6	5	 
stage 3:	9	3	4	3	5	4	2	9	8	5	1	9	9	3	5	10	3	6	1	9	6	10	6	8	2	1	7	8	3	1	 
stage 4:	8	1	7	1	2	1	7	3	6	3	5	9	10	6	4	10	7	6	7	7	4	2	9	4	7	4	8	6	7	6	 
stage 5:	2	3	3	8	7	3	2	2	5	3	7	2	9	2	9	2	1	5	9	10	4	9	1	2	9	5	6	7	1	6	 
due date:	25	31	38	34	37	13	38	41	42	17	16	36	18	28	15	14	22	42	40	25	25	31	21	24	31	12	33	23	34	40	
processing speed:
stage 1:	0	1	3	4	5		
stage 2:	0	1	2	3	4		
stage 3:	0	1	2	3			
stage 4:	0	2	5				
stage 5:	0	2	5				
