number of jobs:	30
number of stages:	5
number of machines:	8
baseline processing time:
stage 1:	7	3	9	8	10	6	1	6	9	9	3	4	8	10	7	5	6	9	9	6	4	6	9	1	2	9	6	4	8	4	 
stage 2:	4	4	3	1	8	10	6	4	8	2	5	3	6	1	3	7	2	8	1	4	7	7	6	10	9	5	7	2	2	9	 
stage 3:	4	5	3	7	3	9	1	5	3	5	4	6	1	6	7	2	5	2	4	1	6	3	6	1	3	5	3	1	1	6	 
stage 4:	5	5	10	1	1	6	6	1	5	4	8	1	9	2	4	7	6	7	10	6	4	4	10	4	3	7	2	6	3	1	 
stage 5:	9	5	6	10	7	9	4	3	9	2	8	4	2	8	2	6	2	5	9	5	8	9	7	1	5	3	7	6	9	8	 
baseline energy consumption:
stage 1:	1	7	7	2	5	3	9	2	4	6	8	2	2	6	8	4	10	4	6	5	4	8	3	6	9	1	10	7	4	2	 
stage 2:	7	3	8	9	5	8	6	5	9	9	6	3	7	8	9	5	9	10	8	7	4	1	6	2	5	3	8	9	7	1	 
stage 3:	7	3	8	5	2	4	9	2	9	5	7	10	6	7	5	2	9	2	5	4	2	8	10	9	1	3	6	8	9	6	 
stage 4:	8	1	9	2	9	9	10	6	4	4	2	8	4	6	6	4	6	10	1	10	9	6	10	7	7	1	10	3	1	9	 
stage 5:	6	5	5	4	8	6	2	7	6	4	8	4	7	4	9	8	9	6	8	8	5	3	1	9	6	5	10	9	4	4	 
due date:	5	39	9	31	39	9	16	38	24	26	23	25	11	21	32	16	24	20	14	31	6	17	37	13	10	40	7	13	16	25	
processing speed:
stage 1:	0	1	2	3	4	5	
stage 2:	0	4					
stage 3:	0	3	4				
stage 4:	0	2	3	4	5		
stage 5:	0	3					
