number of jobs:	30
number of stages:	5
number of machines:	5
baseline processing time:
stage 1:	7	3	3	1	5	8	1	7	1	1	7	7	10	2	5	8	3	1	10	7	2	10	3	4	7	3	9	9	7	1	 
stage 2:	10	4	9	8	3	3	4	8	1	10	9	1	5	1	10	3	7	6	8	3	3	3	4	9	6	10	2	5	10	7	 
stage 3:	7	10	6	7	10	7	10	6	7	10	6	4	9	9	8	2	7	4	3	6	6	6	3	7	4	8	7	2	2	5	 
stage 4:	4	10	5	8	2	8	4	2	8	7	6	1	9	10	2	10	1	4	9	8	3	2	6	8	9	10	7	5	4	1	 
stage 5:	4	9	3	6	4	8	3	8	3	2	7	7	2	9	2	1	6	1	4	4	9	4	1	2	4	10	9	7	7	1	 
baseline energy consumption:
stage 1:	9	2	4	2	3	1	3	2	5	10	3	2	4	1	5	10	1	6	2	7	8	6	5	1	3	10	9	1	3	6	 
stage 2:	4	8	5	1	3	10	6	9	9	4	5	2	2	3	6	1	7	10	3	7	5	6	6	10	1	5	7	3	9	5	 
stage 3:	8	5	3	5	1	1	7	9	9	5	8	2	7	7	4	4	10	4	5	6	5	1	10	9	3	4	2	8	2	5	 
stage 4:	9	5	1	1	6	6	3	1	4	2	9	3	2	9	6	8	9	3	8	3	7	6	6	2	6	5	4	6	6	10	 
stage 5:	7	6	2	7	7	9	8	6	3	10	3	6	9	10	5	5	7	6	3	10	6	3	10	1	10	10	1	6	2	1	 
due date:	31	36	25	21	18	30	25	24	20	32	32	33	30	24	27	34	28	20	21	29	29	23	23	31	21	33	21	31	29	21	
processing speed:
stage 1:	0	2	4	5			
stage 2:	0	1	2	4	5		
stage 3:	0	5					
stage 4:	0	2	4				
stage 5:	0	1	5				
