number of jobs:	30
number of stages:	5
number of machines:	8
baseline processing time:
stage 1:	9	3	3	4	2	7	5	5	7	2	7	5	5	7	3	2	8	2	4	5	1	4	1	9	2	8	7	4	1	6	 
stage 2:	8	7	7	6	2	6	4	10	2	3	1	4	5	4	10	5	10	6	1	1	3	3	5	1	5	7	6	5	2	1	 
stage 3:	1	10	4	10	3	8	7	1	3	2	4	8	10	1	7	3	2	3	1	4	10	8	2	8	10	1	2	10	6	1	 
stage 4:	2	10	1	8	3	5	9	5	8	4	5	8	7	4	6	5	5	5	7	1	6	4	3	8	10	1	6	10	2	4	 
stage 5:	1	1	2	5	6	2	7	2	4	3	7	9	1	3	9	7	6	4	9	8	10	5	3	3	9	5	8	1	9	7	 
baseline energy consumption:
stage 1:	7	3	9	8	10	6	1	6	9	9	3	4	8	10	7	5	6	9	9	6	4	6	9	1	2	9	6	4	8	4	 
stage 2:	4	4	3	1	8	10	6	4	8	2	5	3	6	1	3	7	2	8	1	4	7	7	6	10	9	5	7	2	2	9	 
stage 3:	4	5	3	7	3	9	1	5	3	5	4	6	1	6	7	2	5	2	4	1	6	3	6	1	3	5	3	1	1	6	 
stage 4:	5	5	10	1	1	6	6	1	5	4	8	1	9	2	4	7	6	7	10	6	4	4	10	4	3	7	2	6	3	1	 
stage 5:	9	5	6	10	7	9	4	3	9	2	8	4	2	8	2	6	2	5	9	5	8	9	7	1	5	3	7	6	9	8	 
due date:	13	20	20	21	19	20	15	14	12	18	20	22	22	22	17	14	23	17	13	16	17	18	14	23	21	14	21	16	23	19	
processing speed:
stage 1:	0	2	3	4	5		
stage 2:	0	1	2	3	4	5	
stage 3:	0	1					
stage 4:	0	1	2	3	5		
stage 5:	0	2	3	5			
