number of jobs:	30
number of stages:	5
number of machines:	5
baseline processing time:
stage 1:	10	6	8	6	8	10	7	10	4	4	5	4	4	10	3	1	2	4	9	6	6	3	4	3	2	9	6	3	4	6	 
stage 2:	2	7	7	2	8	3	7	2	5	9	3	10	8	3	7	3	7	5	9	9	3	7	10	2	1	1	2	5	3	8	 
stage 3:	6	7	10	7	6	4	6	4	2	4	6	3	4	9	10	7	8	7	10	1	8	7	5	10	3	8	10	10	4	10	 
stage 4:	5	4	1	6	2	2	6	1	10	2	9	3	8	3	2	3	7	10	4	1	8	5	2	6	9	10	3	4	9	3	 
stage 5:	8	5	7	7	2	10	1	7	6	10	2	6	2	5	1	8	2	1	3	3	8	1	8	10	7	3	6	4	9	3	 
baseline energy consumption:
stage 1:	7	3	3	1	5	8	1	7	1	1	7	7	10	2	5	8	3	1	10	7	2	10	3	4	7	3	9	9	7	1	 
stage 2:	10	4	9	8	3	3	4	8	1	10	9	1	5	1	10	3	7	6	8	3	3	3	4	9	6	10	2	5	10	7	 
stage 3:	7	10	6	7	10	7	10	6	7	10	6	4	9	9	8	2	7	4	3	6	6	6	3	7	4	8	7	2	2	5	 
stage 4:	4	10	5	8	2	8	4	2	8	7	6	1	9	10	2	10	1	4	9	8	3	2	6	8	9	10	7	5	4	1	 
stage 5:	4	9	3	6	4	8	3	8	3	2	7	7	2	9	2	1	6	1	4	4	9	4	1	2	4	10	9	7	7	1	 
due date:	21	31	34	22	36	16	41	42	12	32	28	39	40	24	20	44	22	28	17	44	19	28	36	39	21	17	15	16	20	30	
processing speed:
stage 1:	0	1	2	3	4		
stage 2:	0	3					
stage 3:	0	1	2	3	5		
stage 4:	0	1	2	5			
stage 5:	0	1	2	4	5		
