number of jobs:	30
number of stages:	5
number of machines:	8
baseline processing time:
stage 1:	2	6	8	5	7	9	7	7	1	1	2	2	10	1	2	6	4	2	2	9	10	5	5	9	8	10	5	3	7	7	 
stage 2:	4	7	9	3	9	2	9	3	1	2	5	9	1	6	2	10	1	10	5	4	5	6	6	1	4	10	6	3	4	2	 
stage 3:	5	9	6	2	10	10	8	3	3	8	4	4	3	2	4	10	10	3	4	8	2	6	7	6	9	3	6	9	6	10	 
stage 4:	6	10	8	5	10	8	10	7	4	7	3	3	10	10	7	8	3	4	3	8	5	1	9	6	8	4	9	6	2	2	 
stage 5:	5	7	9	3	4	6	6	8	10	10	9	7	10	2	4	5	2	7	7	1	4	4	8	6	7	4	2	8	2	4	 
baseline energy consumption:
stage 1:	9	3	3	4	2	7	5	5	7	2	7	5	5	7	3	2	8	2	4	5	1	4	1	9	2	8	7	4	1	6	 
stage 2:	8	7	7	6	2	6	4	10	2	3	1	4	5	4	10	5	10	6	1	1	3	3	5	1	5	7	6	5	2	1	 
stage 3:	1	10	4	10	3	8	7	1	3	2	4	8	10	1	7	3	2	3	1	4	10	8	2	8	10	1	2	10	6	1	 
stage 4:	2	10	1	8	3	5	9	5	8	4	5	8	7	4	6	5	5	5	7	1	6	4	3	8	10	1	6	10	2	4	 
stage 5:	1	1	2	5	6	2	7	2	4	3	7	9	1	3	9	7	6	4	9	8	10	5	3	3	9	5	8	1	9	7	 
due date:	27	20	4	33	6	37	6	21	8	29	27	10	26	16	6	17	25	9	25	23	21	9	19	23	8	31	30	9	26	19	
processing speed:
stage 1:	0	1	2	3	4	5	
stage 2:	0	1	5				
stage 3:	0	1	2	3	4	5	
stage 4:	0	3					
stage 5:	0	3	5				
