number of jobs:	50
number of stages:	10
number of machines:	8
baseline processing time:
stage 1:	10	3	6	1	10	7	1	5	5	5	2	4	3	7	5	2	1	8	3	5	9	2	1	6	1	8	3	2	8	10	3	5	8	2	1	5	6	4	3	8	10	2	1	1	4	1	3	3	4	4	 
stage 2:	3	2	3	9	1	1	9	6	1	7	5	5	3	4	4	6	1	8	5	6	2	1	1	9	2	7	10	6	8	4	9	8	2	3	5	5	6	1	9	6	7	3	10	5	2	5	8	9	10	10	 
stage 3:	9	9	7	8	2	8	3	9	1	9	5	9	1	2	2	6	4	9	6	8	3	8	8	7	3	5	9	4	9	3	9	8	7	7	7	8	2	8	7	4	5	1	5	4	3	4	8	7	8	5	 
stage 4:	10	8	2	2	1	8	5	9	4	8	3	1	4	3	6	3	8	2	7	4	7	7	1	4	7	10	2	1	10	5	8	7	2	7	4	9	8	1	5	2	8	2	1	10	7	1	3	7	5	6	 
stage 5:	8	5	6	6	1	5	1	3	4	1	6	2	1	5	3	6	5	5	6	6	1	8	5	3	2	3	9	9	4	7	9	6	4	6	6	7	3	1	4	4	4	3	3	1	7	3	1	6	7	1	 
stage 6:	10	6	8	3	5	5	3	2	5	5	4	3	5	2	7	9	1	4	7	4	9	5	6	10	7	1	2	1	5	3	8	8	6	2	2	3	6	6	2	6	4	4	7	10	9	7	4	10	5	2	 
stage 7:	8	7	8	10	8	5	8	1	4	5	3	2	1	8	4	5	1	6	5	6	2	5	5	1	4	1	5	7	4	6	10	6	10	7	9	8	10	7	9	3	8	4	10	1	8	10	3	2	4	7	 
stage 8:	8	2	7	2	2	3	8	10	7	8	5	7	1	2	3	9	7	7	3	8	1	6	8	10	5	10	7	3	10	5	3	3	2	7	1	3	5	2	10	7	5	1	10	3	2	7	1	4	1	8	 
stage 9:	1	2	5	9	9	10	3	1	6	1	6	1	2	1	10	10	2	4	7	10	5	9	1	3	9	1	6	8	8	9	7	8	8	6	2	9	7	9	6	2	1	1	2	1	1	6	10	10	7	4	 
stage 10:	7	1	7	10	9	1	6	7	7	5	7	5	1	8	9	4	10	10	7	9	2	10	8	4	10	8	9	4	6	9	3	5	10	2	7	7	6	8	8	3	8	10	8	2	4	4	5	9	9	9	 
baseline energy consumption:
stage 1:	7	3	7	4	3	4	6	5	2	10	1	9	7	3	5	5	3	10	6	1	2	4	10	9	6	4	8	2	4	5	1	5	4	8	8	8	3	9	2	3	2	1	6	5	4	2	8	4	3	9	 
stage 2:	5	6	1	10	8	10	5	1	4	8	4	5	4	2	6	3	4	7	3	6	4	10	9	9	2	1	5	4	2	9	7	1	10	3	6	6	8	8	1	3	9	3	7	10	5	9	7	9	4	9	 
stage 3:	4	4	3	4	7	7	2	7	6	4	7	4	9	4	2	8	8	2	4	3	3	4	1	8	6	6	9	1	8	6	7	9	1	5	5	4	7	7	6	7	2	4	9	4	10	6	10	2	3	5	 
stage 4:	9	10	7	10	5	2	5	1	3	7	7	1	4	5	9	3	5	2	3	7	9	1	10	6	6	6	6	9	1	7	8	3	6	1	7	5	7	6	2	6	10	5	6	1	7	6	5	3	5	7	 
stage 5:	1	9	2	5	7	2	10	7	4	8	3	7	2	2	9	2	1	9	2	3	5	10	10	8	4	6	3	8	10	8	3	10	5	3	8	1	5	10	4	5	4	10	9	5	3	2	3	8	9	5	 
stage 6:	3	5	8	2	7	9	5	9	5	4	5	7	2	1	10	7	1	8	6	1	3	9	1	3	9	3	5	7	6	7	7	4	5	5	8	1	5	3	8	10	7	3	4	10	2	9	5	6	4	6	 
stage 7:	9	3	5	3	6	9	6	2	9	5	8	9	9	6	10	6	8	8	4	2	8	3	2	7	4	6	8	3	5	8	1	9	4	1	2	5	8	10	5	2	8	7	9	3	9	6	5	10	2	1	 
stage 8:	2	4	5	2	1	7	9	8	9	2	3	1	5	1	9	9	1	1	7	8	6	4	7	3	8	4	10	5	2	1	2	6	7	5	1	8	1	4	8	4	10	1	6	6	7	2	3	3	4	4	 
stage 9:	9	7	4	2	10	9	8	10	10	3	2	5	2	1	7	9	1	9	10	8	10	1	7	5	4	7	10	6	10	1	6	9	6	7	3	1	1	7	7	2	6	5	3	6	9	8	6	9	6	10	 
stage 10:	5	2	5	10	5	9	9	4	2	2	7	7	4	4	3	2	1	4	4	1	9	3	4	5	5	8	6	8	6	1	9	10	7	4	4	3	7	5	4	1	1	1	7	4	6	2	8	4	8	4	 
due date:	44	36	63	49	35	13	34	45	59	19	59	66	44	50	37	56	34	10	37	66	25	9	46	55	35	43	18	20	13	34	10	46	66	15	32	28	21	46	25	59	60	47	56	24	47	37	56	61	61	50	
processing speed:
stage 1:	0	2					
stage 2:	0	1	2	3	4	5	
stage 3:	0	1	2	3	4	5	
stage 4:	0	1	2	3	4	5	
stage 5:	0	1					
stage 6:	0	1	2	3	5		
stage 7:	0	2	3	4	5		
stage 8:	0	3					
stage 9:	0	5					
stage 10:	0	3					
