number of jobs:	50
number of stages:	10
number of machines:	5
baseline processing time:
stage 1:	4	6	1	4	8	10	1	8	3	10	8	4	10	2	5	7	9	7	2	1	2	4	3	6	9	10	8	6	8	7	5	6	2	3	7	8	8	4	2	7	7	6	10	8	2	9	3	2	4	2	 
stage 2:	8	6	1	1	9	10	8	2	5	5	2	10	8	4	3	8	6	9	6	10	7	1	9	6	9	10	2	3	1	7	6	7	8	1	7	6	3	6	1	8	7	2	10	8	5	9	8	1	2	4	 
stage 3:	8	4	2	7	10	6	10	6	8	10	3	4	10	5	2	9	3	4	9	8	8	1	2	7	7	9	7	4	6	2	9	5	8	3	2	8	9	10	1	5	10	9	5	1	3	9	8	6	6	4	 
stage 4:	1	1	5	3	6	9	1	8	5	5	5	10	8	5	5	7	10	5	6	8	6	2	10	7	4	7	5	10	3	4	5	9	3	6	6	8	2	8	5	6	6	1	6	10	9	7	8	4	1	5	 
stage 5:	8	1	10	5	6	5	4	4	9	1	10	4	9	2	5	1	7	5	7	4	3	7	5	4	10	2	7	2	10	5	9	1	10	10	7	3	10	1	9	10	4	9	8	9	8	3	10	7	4	7	 
stage 6:	5	6	8	6	10	7	1	7	6	3	6	1	3	3	8	3	8	8	3	8	3	4	8	7	4	5	6	6	1	5	1	4	4	6	1	9	4	2	7	4	4	2	9	4	1	8	6	7	2	3	 
stage 7:	5	5	8	4	9	4	3	7	8	9	10	7	1	3	8	7	7	8	9	6	1	8	1	1	5	10	8	4	6	8	8	2	10	9	1	3	5	5	10	5	7	3	4	8	2	1	5	9	9	4	 
stage 8:	6	6	7	8	10	8	9	8	8	7	2	3	2	3	7	3	2	3	2	4	10	9	2	7	8	2	5	7	3	8	8	3	5	4	8	9	5	9	2	8	9	1	4	9	7	8	9	7	9	7	 
stage 9:	7	6	5	8	7	7	6	6	6	7	9	6	8	4	3	7	4	2	6	7	5	7	4	4	2	3	9	2	1	9	9	9	5	1	2	8	6	7	2	4	6	8	6	2	8	9	5	5	8	2	 
stage 10:	7	3	8	9	8	8	10	6	8	1	2	4	8	10	7	8	1	10	9	6	10	3	10	4	1	1	8	1	4	6	1	6	10	10	7	7	5	3	6	8	6	10	2	4	8	1	1	9	8	7	 
baseline energy consumption:
stage 1:	7	3	7	6	8	9	1	2	9	2	3	2	2	8	4	3	9	7	8	4	3	5	5	4	9	6	5	9	4	4	7	2	8	8	7	6	5	4	10	8	4	1	7	2	1	4	9	1	5	9	 
stage 2:	1	2	1	2	3	3	1	7	7	4	7	1	8	3	8	5	4	3	4	3	6	9	2	2	9	2	10	8	3	9	5	5	3	10	9	3	3	3	7	3	4	3	6	8	6	10	6	10	2	8	 
stage 3:	10	4	4	5	6	3	7	5	8	7	2	8	1	9	8	3	10	10	5	10	3	4	3	4	7	10	3	8	3	9	4	9	1	5	6	6	2	5	6	6	1	6	9	2	6	10	8	2	8	8	 
stage 4:	8	4	9	8	2	4	9	2	4	7	7	5	5	7	8	4	1	7	5	5	1	9	9	4	9	6	7	9	3	1	5	4	10	1	2	1	10	7	8	8	10	8	6	9	2	9	8	3	6	10	 
stage 5:	8	2	8	9	3	2	3	10	2	2	5	6	6	7	9	1	4	5	1	7	2	6	3	5	9	8	7	6	7	2	7	9	3	4	5	9	7	2	9	1	1	3	5	3	5	2	1	1	10	5	 
stage 6:	4	2	7	9	4	8	6	2	5	7	9	7	5	10	2	6	4	6	9	10	6	4	5	7	10	9	5	7	7	7	8	5	10	5	9	5	7	7	6	10	2	10	3	9	10	9	7	2	1	9	 
stage 7:	5	3	9	3	4	2	4	5	7	4	4	10	3	6	8	10	8	10	4	8	6	7	1	7	6	8	5	1	6	1	1	7	1	1	9	5	5	3	1	1	3	1	3	4	10	2	8	3	2	2	 
stage 8:	2	6	7	4	5	6	5	4	1	5	1	10	9	6	8	8	9	3	7	6	9	8	6	3	4	3	6	3	9	4	7	4	8	4	8	8	8	2	6	4	3	2	1	8	5	2	2	4	2	5	 
stage 9:	7	8	5	2	2	6	3	3	10	3	1	5	9	4	8	1	5	1	6	10	1	9	9	9	1	2	3	10	3	7	8	2	6	4	10	7	3	1	5	10	4	1	7	9	7	1	8	2	9	4	 
stage 10:	3	4	3	8	3	3	5	7	2	8	3	5	9	2	7	5	5	2	2	2	5	8	9	4	5	6	6	10	10	3	2	5	1	6	10	8	2	10	10	8	7	1	9	9	6	3	3	6	2	5	 
due date:	37	42	52	42	44	56	63	69	68	56	47	64	45	59	57	61	45	66	69	71	40	53	52	41	47	39	72	67	42	42	49	46	70	64	53	61	38	59	54	69	44	59	72	66	36	48	66	67	49	61	
processing speed:
stage 1:	0	1	2	3	4	5	
stage 2:	0	1	2	3	4	5	
stage 3:	0	2	3	4			
stage 4:	0	1	3	4	5		
stage 5:	0	1					
stage 6:	0	1	2	5			
stage 7:	0	1	3				
stage 8:	0	1	2	3	4		
stage 9:	0	1	2	3	4	5	
stage 10:	0	1	2	3	4	5	
