number of jobs:	50
number of stages:	5
number of machines:	5
baseline processing time:
stage 1:	9	2	9	5	7	1	1	8	2	8	1	3	8	10	4	2	6	1	5	8	7	2	9	9	2	2	8	9	6	10	3	10	5	5	8	7	2	7	9	6	9	10	6	8	1	1	8	9	10	2	 
stage 2:	9	2	3	3	5	3	10	5	6	4	9	7	6	5	5	2	9	10	9	2	9	6	3	6	8	1	5	6	1	9	6	4	5	6	9	4	6	8	1	4	2	1	2	4	5	2	3	6	2	1	 
stage 3:	10	3	8	7	10	3	5	5	9	8	9	5	5	3	2	7	1	1	9	4	2	3	6	4	4	7	4	8	6	9	10	10	3	9	9	4	6	10	6	7	1	10	7	2	9	2	6	9	5	8	 
stage 4:	6	5	9	9	6	2	7	9	9	9	4	7	6	5	2	1	1	1	10	8	9	6	1	8	1	1	7	4	1	4	9	8	2	7	10	8	7	3	4	5	2	10	8	10	1	4	6	9	4	5	 
stage 5:	10	1	8	10	7	6	8	6	2	3	3	7	1	5	3	7	2	3	5	7	4	3	4	7	5	8	2	6	2	1	5	2	10	9	9	5	5	8	3	4	4	1	2	6	6	8	4	5	9	7	 
baseline energy consumption:
stage 1:	5	7	4	7	7	6	7	3	8	3	9	1	9	3	5	5	10	2	7	6	7	9	6	8	3	7	1	5	5	6	4	9	3	1	2	9	2	7	9	3	1	9	7	3	1	7	7	6	4	5	 
stage 2:	5	8	10	5	1	8	2	5	3	6	3	7	8	6	5	3	3	7	7	6	1	7	1	2	10	7	4	10	3	1	2	5	9	1	7	7	2	6	7	5	2	5	2	3	5	1	3	3	8	10	 
stage 3:	2	1	9	3	4	7	2	8	3	1	4	9	10	3	5	6	10	1	3	8	6	5	9	8	8	3	2	9	9	6	2	2	8	2	3	5	6	10	9	10	5	2	7	9	5	6	10	9	9	1	 
stage 4:	10	4	7	9	8	9	6	10	10	5	2	6	9	2	8	6	8	9	9	9	1	4	2	5	2	7	9	1	5	10	8	10	1	9	5	9	2	2	2	1	1	5	8	6	1	6	8	1	4	5	 
stage 5:	1	5	2	3	4	2	2	5	4	6	1	1	2	4	2	10	8	5	2	4	8	6	9	3	1	6	2	3	10	7	2	7	2	6	10	10	5	1	1	3	9	10	8	7	9	5	6	7	2	4	 
due date:	34	8	41	56	70	9	20	23	39	13	59	59	27	17	73	14	55	72	46	39	48	32	63	72	47	66	32	67	48	34	7	53	72	10	44	14	58	60	59	10	49	53	55	70	56	53	28	48	63	66	
processing speed:
stage 1:	0	1	4	5			
stage 2:	0	4					
stage 3:	0	3	4				
stage 4:	0	1	2	3	4		
stage 5:	0	1	2	3	4		
