number of jobs:	50
number of stages:	5
number of machines:	8
baseline processing time:
stage 1:	10	5	3	4	4	1	1	5	2	1	3	7	3	6	5	7	1	7	10	7	6	9	9	3	1	8	2	3	1	7	10	9	10	3	6	3	3	2	6	10	7	1	3	4	7	5	10	3	8	1	 
stage 2:	4	8	3	10	3	3	9	2	9	9	1	3	8	1	3	6	7	3	6	4	9	3	8	7	3	9	4	7	10	6	7	2	1	9	10	7	1	9	4	5	8	8	7	5	6	8	8	1	2	8	 
stage 3:	2	5	4	3	7	8	9	4	7	4	8	9	5	3	4	6	8	1	7	2	5	2	2	6	4	3	10	3	5	7	1	6	8	1	7	6	7	8	9	1	3	2	7	10	3	4	2	2	2	6	 
stage 4:	7	8	3	2	10	7	8	3	8	10	6	3	3	10	9	5	7	4	5	1	7	3	10	8	9	1	2	3	4	5	7	2	9	5	6	4	9	2	4	5	2	3	10	9	8	4	4	9	5	8	 
stage 5:	3	4	3	2	4	9	6	7	6	4	7	7	1	3	1	5	3	9	3	7	9	6	3	6	3	4	3	9	6	1	6	1	8	6	1	10	5	7	2	2	6	1	7	4	5	3	2	7	2	5	 
baseline energy consumption:
stage 1:	5	3	9	10	1	2	1	8	7	1	9	6	1	8	3	8	7	1	1	3	4	6	9	7	3	6	6	1	5	9	4	10	1	3	6	10	1	2	2	6	10	7	9	7	6	10	8	7	9	4	 
stage 2:	2	3	5	2	4	1	2	6	10	4	6	6	1	5	6	7	5	4	9	2	4	2	10	3	8	3	5	3	7	4	9	3	3	8	4	4	4	2	3	5	3	3	9	6	2	3	5	2	2	3	 
stage 3:	7	3	6	4	2	6	2	4	6	7	8	3	5	1	9	4	5	6	8	10	10	6	6	2	9	6	8	10	4	1	9	4	8	8	8	1	2	5	4	7	8	3	1	1	2	6	3	9	10	1	 
stage 4:	1	7	6	4	2	10	2	2	3	3	1	2	3	5	2	7	10	1	2	5	9	2	10	1	9	6	5	5	5	3	10	2	7	3	8	8	1	9	6	4	5	8	6	7	5	5	4	5	4	10	 
stage 5:	9	2	4	2	6	5	7	7	4	2	2	5	1	9	2	7	6	1	1	3	9	2	8	4	3	5	6	1	10	2	7	5	2	8	5	4	1	3	7	2	6	10	10	1	2	5	7	4	7	5	 
due date:	37	17	20	14	39	34	26	21	20	34	40	13	12	12	11	39	15	29	35	25	31	29	40	13	40	14	35	14	34	39	29	40	21	33	31	35	19	28	21	26	23	22	12	14	17	28	21	29	38	30	
processing speed:
stage 1:	0	1	2	4	5		
stage 2:	0	1	2	5			
stage 3:	0	2	3				
stage 4:	0	3					
stage 5:	0	1	2				
