number of jobs:	50
number of stages:	5
number of machines:	5
baseline processing time:
stage 1:	5	7	4	7	7	6	7	3	8	3	9	1	9	3	5	5	10	2	7	6	7	9	6	8	3	7	1	5	5	6	4	9	3	1	2	9	2	7	9	3	1	9	7	3	1	7	7	6	4	5	 
stage 2:	5	8	10	5	1	8	2	5	3	6	3	7	8	6	5	3	3	7	7	6	1	7	1	2	10	7	4	10	3	1	2	5	9	1	7	7	2	6	7	5	2	5	2	3	5	1	3	3	8	10	 
stage 3:	2	1	9	3	4	7	2	8	3	1	4	9	10	3	5	6	10	1	3	8	6	5	9	8	8	3	2	9	9	6	2	2	8	2	3	5	6	10	9	10	5	2	7	9	5	6	10	9	9	1	 
stage 4:	10	4	7	9	8	9	6	10	10	5	2	6	9	2	8	6	8	9	9	9	1	4	2	5	2	7	9	1	5	10	8	10	1	9	5	9	2	2	2	1	1	5	8	6	1	6	8	1	4	5	 
stage 5:	1	5	2	3	4	2	2	5	4	6	1	1	2	4	2	10	8	5	2	4	8	6	9	3	1	6	2	3	10	7	2	7	2	6	10	10	5	1	1	3	9	10	8	7	9	5	6	7	2	4	 
baseline energy consumption:
stage 1:	5	4	2	3	8	2	1	4	7	1	10	8	4	4	5	6	9	9	6	6	4	1	8	2	7	9	1	2	7	7	2	5	9	8	9	2	7	7	8	1	8	7	9	5	6	8	6	9	4	4	 
stage 2:	5	8	2	7	3	4	8	4	5	8	9	8	1	6	5	5	2	5	1	10	1	2	8	8	4	4	7	8	7	4	4	10	9	10	6	1	8	9	10	10	1	6	1	1	1	4	1	6	6	3	 
stage 3:	4	8	7	10	3	6	7	7	7	1	6	10	5	9	9	3	1	5	10	1	6	3	4	10	9	9	10	8	8	7	2	2	3	1	9	9	7	7	9	4	7	2	4	2	9	10	8	7	3	3	 
stage 4:	7	6	8	10	6	5	3	3	3	3	9	6	10	2	8	7	5	4	1	1	8	5	2	6	10	7	1	8	10	9	3	5	7	7	1	1	3	5	4	5	6	7	9	8	1	7	5	5	5	6	 
stage 5:	5	1	2	2	4	10	6	8	2	1	3	4	5	9	10	3	8	8	4	7	10	1	10	5	6	5	6	1	8	9	8	3	6	3	6	2	1	5	1	6	5	7	9	1	8	4	5	1	1	3	 
due date:	31	40	10	17	29	21	33	28	38	52	48	50	7	48	31	38	52	56	11	55	60	48	8	43	67	13	19	14	26	8	56	55	52	46	40	50	56	46	21	48	48	65	32	60	24	19	20	8	20	35	
processing speed:
stage 1:	0	1	3	4	5		
stage 2:	0	1	2	3	4	5	
stage 3:	0	1	4				
stage 4:	0	3	4	5			
stage 5:	0	1	2	3	4	5	
