number of jobs:	50
number of stages:	5
number of machines:	8
baseline processing time:
stage 1:	3	10	9	10	1	1	8	1	4	5	4	2	7	6	3	6	5	6	6	10	3	3	4	2	5	6	2	8	10	4	3	4	9	1	6	2	6	3	8	1	2	10	6	4	2	4	1	7	1	7	 
stage 2:	3	1	1	2	1	3	8	7	9	4	10	7	4	8	8	8	3	10	6	4	3	3	5	1	9	9	5	3	3	2	1	1	9	10	3	9	8	10	10	5	1	6	6	4	2	7	7	10	10	5	 
stage 3:	1	4	9	2	5	10	10	8	8	8	10	5	5	1	2	1	5	7	5	10	9	6	1	7	1	2	9	2	8	7	8	9	9	3	4	4	9	1	2	6	1	6	10	7	5	8	3	7	10	6	 
stage 4:	4	8	10	6	7	8	10	2	7	5	5	10	2	9	1	9	5	8	10	6	3	9	6	3	2	3	2	9	10	7	5	2	1	10	2	1	5	5	6	3	2	4	1	2	6	8	6	10	10	1	 
stage 5:	5	5	1	1	9	2	1	6	2	2	4	5	8	7	2	4	8	6	3	4	10	5	9	9	3	1	8	2	6	10	7	7	1	7	5	8	1	3	5	6	7	9	2	10	1	7	8	9	10	2	 
baseline energy consumption:
stage 1:	10	5	3	4	4	1	1	5	2	1	3	7	3	6	5	7	1	7	10	7	6	9	9	3	1	8	2	3	1	7	10	9	10	3	6	3	3	2	6	10	7	1	3	4	7	5	10	3	8	1	 
stage 2:	4	8	3	10	3	3	9	2	9	9	1	3	8	1	3	6	7	3	6	4	9	3	8	7	3	9	4	7	10	6	7	2	1	9	10	7	1	9	4	5	8	8	7	5	6	8	8	1	2	8	 
stage 3:	2	5	4	3	7	8	9	4	7	4	8	9	5	3	4	6	8	1	7	2	5	2	2	6	4	3	10	3	5	7	1	6	8	1	7	6	7	8	9	1	3	2	7	10	3	4	2	2	2	6	 
stage 4:	7	8	3	2	10	7	8	3	8	10	6	3	3	10	9	5	7	4	5	1	7	3	10	8	9	1	2	3	4	5	7	2	9	5	6	4	9	2	4	5	2	3	10	9	8	4	4	9	5	8	 
stage 5:	3	4	3	2	4	9	6	7	6	4	7	7	1	3	1	5	3	9	3	7	9	6	3	6	3	4	3	9	6	1	6	1	8	6	1	10	5	7	2	2	6	1	7	4	5	3	2	7	2	5	 
due date:	35	27	31	10	15	27	27	16	13	24	12	12	24	18	10	31	22	11	22	35	17	27	35	13	14	31	29	21	28	28	30	23	22	39	26	10	20	27	11	11	10	34	32	15	12	16	15	37	24	18	
processing speed:
stage 1:	0	1	2	3	4	5	
stage 2:	0	3	5				
stage 3:	0	4					
stage 4:	0	3					
stage 5:	0	1	3	4	5		
