number of jobs:	50
number of stages:	5
number of machines:	5
baseline processing time:
stage 1:	2	9	7	5	8	6	6	8	7	3	7	10	6	1	5	1	8	2	3	6	7	7	5	2	3	2	6	3	4	3	10	10	9	4	9	4	1	10	4	5	10	2	5	8	5	10	6	7	10	10	 
stage 2:	10	8	4	2	3	5	2	5	7	2	9	3	10	5	6	1	9	10	5	8	3	2	9	7	4	6	2	6	9	2	5	10	2	3	7	4	3	8	9	7	7	7	10	3	10	7	8	9	4	8	 
stage 3:	4	6	4	5	3	2	8	7	5	10	4	2	1	2	1	8	8	5	10	10	7	5	6	3	3	3	8	8	1	7	2	7	2	4	5	4	1	4	8	3	1	5	10	9	9	10	8	4	7	10	 
stage 4:	4	10	3	7	8	6	7	10	5	3	3	4	4	3	8	7	8	4	5	7	8	6	10	5	3	10	10	2	5	6	3	7	10	2	9	7	4	8	5	6	1	3	3	6	9	3	6	7	10	9	 
stage 5:	10	6	3	3	3	6	7	10	1	3	1	9	5	7	4	1	9	4	7	3	5	3	7	5	6	9	7	6	1	4	9	6	4	10	4	4	8	7	2	5	5	8	5	10	7	2	4	5	10	5	 
baseline energy consumption:
stage 1:	4	5	6	6	1	8	4	6	8	10	10	7	1	1	8	7	3	6	10	3	8	6	4	1	10	3	2	3	5	8	7	3	9	8	7	8	2	3	1	8	2	3	4	4	3	8	6	7	9	4	 
stage 2:	8	5	6	5	1	8	1	4	9	9	10	4	8	3	2	7	5	8	5	9	2	10	10	7	8	1	4	3	3	8	8	7	6	7	9	8	6	9	10	6	7	1	1	8	9	1	6	1	9	5	 
stage 3:	8	6	4	6	2	7	7	8	10	10	6	8	10	9	6	8	8	8	10	7	3	2	4	3	10	2	5	3	2	7	9	3	3	2	4	3	9	2	8	4	8	10	1	9	2	2	7	7	7	8	 
stage 4:	1	7	1	6	5	5	3	8	6	7	9	7	1	6	8	6	5	6	5	7	5	9	10	6	8	8	5	4	5	3	7	7	10	4	5	2	6	6	8	7	6	5	2	7	10	4	7	4	4	2	 
stage 5:	8	7	1	3	10	8	5	9	6	8	5	8	4	10	4	6	9	8	1	1	10	2	4	4	9	8	2	10	5	7	1	8	7	1	5	10	7	9	4	6	3	10	7	3	5	10	4	4	10	1	 
due date:	64	32	30	36	26	57	24	44	46	30	22	21	50	61	33	47	36	41	29	40	26	54	39	23	65	26	41	38	30	52	60	50	56	34	24	42	52	21	68	24	26	36	50	50	26	52	34	40	31	56	
processing speed:
stage 1:	0	1	2	5			
stage 2:	0	3					
stage 3:	0	1	2	3	4	5	
stage 4:	0	1	3	5			
stage 5:	0	4					
