number of jobs:	50
number of stages:	5
number of machines:	5
baseline processing time:
stage 1:	3	2	7	7	10	6	7	2	5	10	4	3	9	5	8	3	10	1	8	9	5	9	2	10	7	4	1	9	7	10	7	10	9	2	3	8	6	5	9	7	9	4	8	3	7	8	5	9	4	8	 
stage 2:	5	1	7	5	2	10	5	6	6	3	8	7	7	9	3	2	10	8	5	2	2	4	2	5	7	1	7	8	5	4	10	7	10	9	4	7	3	4	9	8	9	3	9	4	9	9	3	3	3	5	 
stage 3:	7	10	4	2	3	1	5	7	5	3	6	2	9	3	9	7	10	10	5	8	2	10	1	3	2	6	5	6	6	3	10	4	9	1	2	10	9	4	8	2	5	1	8	8	8	10	1	3	3	2	 
stage 4:	8	8	1	6	1	3	1	8	7	9	9	3	4	1	7	5	6	2	10	7	3	4	9	3	4	1	6	9	10	10	4	9	6	10	1	2	7	10	5	5	8	7	5	7	3	7	5	10	1	10	 
stage 5:	1	2	5	10	4	6	6	7	8	1	2	3	3	1	9	4	5	2	6	10	1	9	9	9	10	8	1	10	9	2	10	1	7	7	5	8	10	2	8	1	9	8	1	2	10	2	9	9	1	9	 
baseline energy consumption:
stage 1:	6	2	6	3	6	9	7	3	1	9	8	4	3	3	8	6	9	1	3	3	3	1	6	3	5	5	6	1	10	6	3	10	5	4	4	3	3	3	6	8	8	2	1	10	4	5	3	7	8	9	 
stage 2:	6	3	5	1	8	8	5	8	6	9	9	8	2	5	5	5	5	7	2	5	3	9	9	2	1	7	6	8	6	5	7	1	10	4	4	5	4	2	9	4	10	2	5	6	8	9	7	5	10	5	 
stage 3:	9	3	4	3	5	4	2	9	8	5	1	9	9	3	5	10	3	6	1	9	6	10	6	8	2	1	7	8	3	1	10	4	6	3	2	10	4	9	1	9	10	9	2	3	5	1	9	3	10	6	 
stage 4:	8	1	7	1	2	1	7	3	6	3	5	9	10	6	4	10	7	6	7	7	4	2	9	4	7	4	8	6	7	6	10	5	1	7	2	4	9	4	3	2	3	1	9	3	6	5	6	9	8	9	 
stage 5:	2	3	3	8	7	3	2	2	5	3	7	2	9	2	9	2	1	5	9	10	4	9	1	2	9	5	6	7	1	6	3	5	3	4	9	3	3	2	9	8	5	7	1	2	10	3	5	6	10	2	 
due date:	40	50	34	38	50	20	53	38	54	64	59	65	67	53	43	30	61	49	44	48	18	66	33	56	45	50	19	26	42	27	30	50	35	46	56	31	28	50	28	30	23	22	55	39	60	43	34	47	66	58	
processing speed:
stage 1:	0	1	3	4	5		
stage 2:	0	1	2	3	4		
stage 3:	0	1	2	3			
stage 4:	0	2	5				
stage 5:	0	2	5				
