number of jobs:	50
number of stages:	5
number of machines:	8
baseline processing time:
stage 1:	2	5	2	5	10	6	9	7	7	4	5	5	2	7	4	3	5	4	9	3	8	1	9	8	9	4	7	7	5	8	8	5	4	1	6	6	5	3	7	3	9	2	10	2	3	2	4	2	8	7	 
stage 2:	8	10	2	6	10	5	2	2	1	8	7	6	7	2	4	5	8	7	7	8	1	2	1	3	3	6	5	1	10	3	4	8	6	7	8	3	10	3	5	2	2	5	2	8	9	6	3	9	4	8	 
stage 3:	4	8	1	4	8	8	2	10	1	1	1	7	3	7	8	2	2	7	9	4	4	10	9	2	5	1	9	2	3	4	3	5	4	1	10	4	9	4	8	9	8	2	6	2	5	3	10	7	5	7	 
stage 4:	4	9	1	9	8	6	10	5	3	7	6	9	2	2	8	4	10	10	7	8	6	1	10	9	10	2	3	6	3	4	7	8	2	8	7	8	2	7	2	4	3	7	5	1	5	7	7	2	9	3	 
stage 5:	9	7	10	3	10	2	6	4	7	10	1	4	3	5	8	7	7	5	3	9	2	5	7	10	4	2	7	4	1	6	7	6	4	7	5	3	10	10	1	1	4	10	10	5	10	3	10	1	2	3	 
baseline energy consumption:
stage 1:	3	10	9	10	1	1	8	1	4	5	4	2	7	6	3	6	5	6	6	10	3	3	4	2	5	6	2	8	10	4	3	4	9	1	6	2	6	3	8	1	2	10	6	4	2	4	1	7	1	7	 
stage 2:	3	1	1	2	1	3	8	7	9	4	10	7	4	8	8	8	3	10	6	4	3	3	5	1	9	9	5	3	3	2	1	1	9	10	3	9	8	10	10	5	1	6	6	4	2	7	7	10	10	5	 
stage 3:	1	4	9	2	5	10	10	8	8	8	10	5	5	1	2	1	5	7	5	10	9	6	1	7	1	2	9	2	8	7	8	9	9	3	4	4	9	1	2	6	1	6	10	7	5	8	3	7	10	6	 
stage 4:	4	8	10	6	7	8	10	2	7	5	5	10	2	9	1	9	5	8	10	6	3	9	6	3	2	3	2	9	10	7	5	2	1	10	2	1	5	5	6	3	2	4	1	2	6	8	6	10	10	1	 
stage 5:	5	5	1	1	9	2	1	6	2	2	4	5	8	7	2	4	8	6	3	4	10	5	9	9	3	1	8	2	6	10	7	7	1	7	5	8	1	3	5	6	7	9	2	10	1	7	8	9	10	2	 
due date:	27	41	24	33	42	43	17	12	15	28	42	40	11	47	16	13	31	27	37	31	5	13	21	42	17	37	43	15	7	17	9	18	49	12	15	17	32	16	14	43	4	45	25	18	28	35	31	33	22	8	
processing speed:
stage 1:	0	1	2	4	5		
stage 2:	0	1	2	3	4		
stage 3:	0	4					
stage 4:	0	1					
stage 5:	0	4					
