number of jobs:	50
number of stages:	5
number of machines:	5
baseline processing time:
stage 1:	8	4	1	4	10	10	9	5	6	8	7	10	4	10	5	2	7	2	4	3	4	1	5	6	6	2	1	9	9	7	1	3	10	4	5	7	2	8	8	5	7	7	4	9	6	5	10	10	7	8	 
stage 2:	3	8	9	6	1	7	4	1	6	4	6	3	7	8	6	6	9	4	5	8	4	9	3	2	1	2	10	4	2	4	8	3	1	6	5	1	6	10	9	6	1	4	3	9	4	5	1	5	9	9	 
stage 3:	8	1	10	1	9	9	10	7	8	9	5	2	8	5	9	2	7	2	2	4	8	3	5	5	3	3	2	1	3	4	7	5	6	1	1	3	6	7	10	4	2	7	4	7	7	9	4	5	10	2	 
stage 4:	9	1	10	7	1	9	10	3	3	7	1	3	3	6	10	7	2	4	6	1	4	5	2	5	1	9	5	4	3	8	4	1	2	3	6	3	5	4	9	8	3	2	2	9	2	9	4	5	9	6	 
stage 5:	7	5	9	3	2	4	6	4	7	4	8	4	4	6	5	5	4	3	8	1	5	5	7	6	4	4	6	3	5	9	2	9	3	7	10	1	10	2	7	3	6	6	10	3	3	6	8	10	6	4	 
baseline energy consumption:
stage 1:	9	2	9	5	7	1	1	8	2	8	1	3	8	10	4	2	6	1	5	8	7	2	9	9	2	2	8	9	6	10	3	10	5	5	8	7	2	7	9	6	9	10	6	8	1	1	8	9	10	2	 
stage 2:	9	2	3	3	5	3	10	5	6	4	9	7	6	5	5	2	9	10	9	2	9	6	3	6	8	1	5	6	1	9	6	4	5	6	9	4	6	8	1	4	2	1	2	4	5	2	3	6	2	1	 
stage 3:	10	3	8	7	10	3	5	5	9	8	9	5	5	3	2	7	1	1	9	4	2	3	6	4	4	7	4	8	6	9	10	10	3	9	9	4	6	10	6	7	1	10	7	2	9	2	6	9	5	8	 
stage 4:	6	5	9	9	6	2	7	9	9	9	4	7	6	5	2	1	1	1	10	8	9	6	1	8	1	1	7	4	1	4	9	8	2	7	10	8	7	3	4	5	2	10	8	10	1	4	6	9	4	5	 
stage 5:	10	1	8	10	7	6	8	6	2	3	3	7	1	5	3	7	2	3	5	7	4	3	4	7	5	8	2	6	2	1	5	2	10	9	9	5	5	8	3	4	4	1	2	6	6	8	4	5	9	7	 
due date:	56	30	32	22	21	17	49	56	43	19	56	51	63	55	23	27	44	31	24	36	38	38	39	54	22	36	29	43	43	60	61	27	62	52	54	23	48	19	56	36	47	46	28	57	23	42	45	52	56	33	
processing speed:
stage 1:	0	1	5				
stage 2:	0	1	2	3	4	5	
stage 3:	0	2					
stage 4:	0	2					
stage 5:	0	1	2	3			
