number of jobs:	50
number of stages:	5
number of machines:	8
baseline processing time:
stage 1:	8	7	8	9	7	9	2	7	10	5	1	5	1	2	3	5	4	9	1	1	6	10	10	9	10	5	10	6	8	5	5	4	3	7	10	5	10	3	5	5	10	6	6	2	6	7	10	1	2	9	 
stage 2:	10	5	9	6	3	3	1	5	7	10	5	2	9	9	6	9	9	1	5	5	6	1	4	7	4	4	6	5	10	7	4	5	4	9	2	2	6	5	1	3	4	9	5	8	9	8	2	1	8	6	 
stage 3:	5	4	7	2	4	8	9	10	4	8	3	4	2	4	6	4	8	9	3	8	4	1	7	6	9	1	10	3	4	9	3	1	3	10	4	9	6	3	6	10	8	5	2	9	2	4	10	3	8	8	 
stage 4:	2	2	4	2	7	6	1	8	8	5	9	5	6	8	5	6	7	8	4	9	3	7	1	5	1	6	2	6	2	7	5	8	10	3	3	6	2	1	9	4	10	3	1	3	2	1	9	2	3	8	 
stage 5:	1	8	6	7	2	2	3	5	8	2	10	9	8	2	2	4	4	10	3	10	2	9	5	3	6	10	4	3	9	5	4	8	1	5	5	2	5	2	5	2	4	1	3	9	5	7	1	10	4	2	 
baseline energy consumption:
stage 1:	10	10	3	6	6	8	1	3	10	5	7	5	1	3	5	2	5	5	5	5	2	4	4	3	3	5	7	2	5	7	2	9	1	1	8	4	3	7	5	4	9	9	2	5	1	6	6	10	1	7	 
stage 2:	3	8	2	7	3	8	9	10	1	8	1	5	9	8	6	1	1	4	7	5	5	3	5	2	3	1	4	8	4	4	6	5	1	1	8	6	5	5	6	6	2	2	1	5	1	5	9	1	2	4	 
stage 3:	9	8	9	2	7	7	8	2	2	2	8	3	3	8	9	10	1	7	9	8	5	5	9	7	1	1	2	2	2	3	6	9	4	7	9	7	6	3	8	8	3	1	8	6	8	8	7	10	3	5	 
stage 4:	10	1	8	2	2	5	2	9	1	9	8	10	5	3	9	1	4	6	8	1	3	6	1	1	4	2	3	1	6	10	3	10	8	2	2	4	7	7	4	10	7	5	7	9	1	1	4	3	7	9	 
stage 5:	8	7	5	1	6	7	6	10	1	9	5	1	1	6	3	7	4	7	1	5	6	7	2	5	1	1	5	8	3	9	6	4	5	10	5	10	6	7	6	9	1	2	8	10	5	8	3	4	2	10	 
due date:	23	46	34	17	18	43	40	36	43	40	30	27	16	26	45	29	31	41	39	42	27	12	33	14	35	40	18	38	46	24	15	23	31	20	23	28	41	42	44	16	46	38	25	34	39	23	27	17	20	18	
processing speed:
stage 1:	0	1	2	3	4		
stage 2:	0	1	2				
stage 3:	0	3	4				
stage 4:	0	1	2	3	4	5	
stage 5:	0	3	4	5			
